Flight configuration defined in input file = FW_Input.txt
Angle of attack sweep alpha = 8.000
Flight Condition number = 1
number of timesteps = 25
number of spanwise strips = 123

strip     x_ref         y_ref         z_ref         Gamma0        Cfx           Cfy           Cfz           Cfn           Cd            Cl            Cm            Cn            Ref. area     Ref. span     Ref. lngth    Ref-l cl      Ref-l cm      Ref-l cn      x1            y1            z1            chord1        x2            y2            z2            chord2        Gamma1        Gamma2        cn1           cn0           cn2           A_te          B_te          C_te          
-------------------------------------------------------------------------------------------------------------------------------------------------------------------------------------------------------------------------------------------------------------------------------------------------------------------------------------------------------------------------------------------------------------------------------------------------------------------------------------------------------#
0         0.844750      -9.011625     1.325375      0.366731      0.029010      0.449901      0.172716      0.482534      0.015610      -104.328305   -1.795443     28.000428     0.000919      0.020428      0.045011      0.020428      0.045011      0.045011      0.854000      -9.015000     1.335000      0.039359      0.835500      -9.008250     1.315750      0.041544      0.000000      0.541933      0.000000      0.602406      0.000000      0.366731      26.528888     -917.932050   
1         0.826250      -9.004875     1.306125      0.618534      0.028230      0.668662      0.257011      0.716862      0.008321      -154.555184   -2.415110     34.409731     0.001156      0.020428      0.056578      0.020428      0.056578      0.056578      0.835500      -9.008250     1.315750      0.050926      0.817000      -9.001500     1.296500      0.053111      0.541933      0.689463      0.786810      0.808307      0.754433      0.618534      7.221913      -27.189470    
2         0.807750      -8.998125     1.286875      0.754572      0.016348      0.678800      0.260909      0.727389      -0.003857     -156.244206   -2.197944     28.893425     0.001392      0.020428      0.068145      0.020428      0.068145      0.068145      0.817000      -9.001500     1.296500      0.062493      0.798500      -8.994750     1.277250      0.064679      0.689463      0.813716      0.815722      0.818703      0.788158      0.754572      6.082489      -28.588008    
3         0.789250      -8.991375     1.267625      0.868360      0.012819      0.669714      0.257443      0.717571      -0.007115     -153.519308   -1.853029     26.478095     0.001628      0.020428      0.079713      0.020428      0.079713      0.079713      0.798500      -8.994750     1.277250      0.074060      0.780000      -8.988000     1.258000      0.076246      0.813716      0.919971      0.812365      0.805445      0.789079      0.868360      5.201428      -14.541975    
4         0.770000      -8.983333     1.245167      0.985020      0.011194      0.681734      0.265645      0.731691      -0.009097     -117.348524   -1.657810     19.044918     0.002474      0.027347      0.090457      0.027347      0.090457      0.090457      0.780000      -8.988000     1.258000      0.085555      0.760000      -8.978667     1.232333      0.085499      0.919971      1.046047      0.795043      0.805133      0.795563      0.985020      4.610245      -10.755085    
5         0.750000      -8.974000     1.219500      1.104036      0.009455      0.688500      0.268271      0.738898      -0.011036     -117.836535   -1.477151     18.111783     0.002749      0.027347      0.100507      0.027347      0.100507      0.100507      0.760000      -8.978667     1.232333      0.095606      0.740000      -8.969333     1.206667      0.095550      1.046047      1.159971      0.808964      0.812173      0.809438      1.104036      4.165868      -5.494502     
6         0.730000      -8.964667     1.193833      1.213692      0.007998      0.689316      0.268591      0.739733      -0.012517     -117.302129   -1.312935     17.140531     0.003023      0.027347      0.110558      0.027347      0.110558      0.110558      0.740000      -8.969333     1.206667      0.105657      0.720000      -8.960000     1.181000      0.105601      1.159971      1.265040      0.811733      0.811672      0.812163      1.213692      3.842074      -6.345694     
7         0.704500      -8.953500     1.161750      1.340166      0.005423      0.686629      0.248084      0.729938      -0.015010     -73.631381    -1.055869     10.481015     0.005011      0.040696      0.123121      0.040696      0.123121      0.123121      0.720000      -8.960000     1.181000      0.115772      0.689000      -8.947000     1.142500      0.115188      1.265040      1.416246      0.807912      0.804804      0.812005      1.340166      3.715469      1.153185      
8         0.673500      -8.940500     1.123250      1.494200      0.003901      0.684326      0.247278      0.727457      -0.016464     -72.729535    -0.895670     9.596057      0.005624      0.040696      0.138197      0.040696      0.138197      0.138197      0.689000      -8.947000     1.142500      0.130848      0.658000      -8.934000     1.104000      0.130264      1.416246      1.574944      0.800267      0.799418      0.803852      1.494200      3.899569      3.370578      
9         0.647250      -8.927250     1.084750      1.657557      0.004350      0.723942      0.264704      0.770638      -0.017193     -76.654888    -0.836601     9.666028      0.006103      0.040839      0.149431      0.040839      0.149431      0.149431      0.658000      -8.934000     1.104000      0.145778      0.636500      -8.920500     1.065500      0.142486      1.574944      1.740540      0.798798      0.820146      0.817254      1.657557      4.054856      0.443604      
10        0.625750      -8.913750     1.046250      1.825349      0.003237      0.761987      0.278588      0.811091      -0.019438     -79.924411    -0.803767     9.415811      0.006410      0.040839      0.156965      0.040839      0.156965      0.156965      0.636500      -8.920500     1.065500      0.153312      0.615000      -8.907000     1.027000      0.150020      1.740540      1.913439      0.839403      0.859816      0.857823      1.825349      4.233687      3.935335      
11        0.601250      -8.896500     0.997750      2.055645      0.001022      0.835444      0.309688      0.890678      -0.023838     -57.453388    -0.811430     6.006227      0.010201      0.062211      0.163971      0.062211      0.163971      0.163971      0.615000      -8.907000     1.027000      0.160837      0.587500      -8.886000     0.968500      0.153551      1.913439      2.208882      0.879615      0.926920      0.921353      2.055645      4.749053      5.700794      
12        0.573750      -8.875500     0.939250      2.415083      0.010894      0.926310      0.343451      0.987851      -0.016674     -62.787607    -0.746798     7.573179      0.010607      0.062211      0.170500      0.062211      0.170500      0.170500      0.587500      -8.886000     0.968500      0.167365      0.560000      -8.865000     0.910000      0.160079      2.208882      2.716180      0.975820      1.047297      1.020235      2.415083      8.154516      49.039954     
13        0.532500      -8.852500     0.906500      2.848358      0.000564      0.017753      0.960600      0.960764      0.000036      -330.903885   -1.727184     0.585967      0.005301      0.026008      0.203823      0.026008      0.203823      0.203823      0.560000      -8.865000     0.910000      0.176670      0.505000      -8.840000     0.903000      0.203863      2.716180      2.953466      1.136732      1.033248      0.985104      2.848358      9.123676      -80.039959    
14        0.493833      -8.779333     0.887556      3.353337      0.021329      0.233156      1.010554      1.037222      0.014382      -73.182638    -1.348941     2.161888      0.030063      0.125205      0.240109      0.125205      0.240109      0.240109      0.505000      -8.840000     0.903000      0.229252      0.482667      -8.718667     0.872111      0.239956      2.953466      3.671254      0.952536      1.032600      0.910044      3.353337      5.732899      -10.455835    
15        0.471500      -8.658000     0.856667      3.934498      0.023569      0.247911      1.075831      1.104159      0.016181      -76.810156    -1.218909     2.284285      0.032830      0.125205      0.262211      0.125205      0.262211      0.262211      0.482667      -8.718667     0.872111      0.251354      0.460333      -8.597333     0.841222      0.262058      3.671254      4.170352      1.079919      1.109434      1.035808      3.934498      3.986240      -3.494545     
16        0.449167      -8.536667     0.825778      4.385623      0.022177      0.254086      1.102613      1.131633      0.014606      -77.596321    -1.080290     2.136809      0.035597      0.125205      0.284313      0.125205      0.284313      0.284313      0.460333      -8.597333     0.841222      0.273456      0.438000      -8.476000     0.810333      0.284160      4.170352      4.587123      1.127580      1.140506      1.085105      4.385623      3.328705      -1.757113     
17        0.426833      -8.415333     0.794889      4.777753      0.021040      0.256543      1.113160      1.142454      0.013397      -77.201748    -0.944745     2.001587      0.038365      0.125205      0.306415      0.125205      0.306415      0.306415      0.438000      -8.476000     0.810333      0.295558      0.415667      -8.354667     0.779444      0.306263      4.587123      4.960420      1.147519      1.152860      1.107412      4.777753      2.981486      -1.016090     
18        0.404500      -8.294000     0.764000      5.136327      0.020472      0.257120      1.115591      1.144949      0.012813      -76.230920    -0.819036     1.902941      0.041132      0.125205      0.328517      0.125205      0.328517      0.328517      0.415667      -8.354667     0.779444      0.317660      0.393333      -8.233333     0.748556      0.328365      4.960420      5.306678      1.154564      1.155999      1.116927      5.136327      2.765529      -0.708738     
19        0.382167      -8.172667     0.733111      5.471953      0.020391      0.256635      1.113467      1.142770      0.012746      -74.948470    -0.705123     1.835749      0.043899      0.125205      0.350619      0.125205      0.350619      0.350619      0.393333      -8.233333     0.748556      0.339762      0.371000      -8.112000     0.717667      0.350467      5.306678      5.632628      1.154809      1.153904      1.119538      5.471953      2.603330      -0.586731     
20        0.359833      -8.051333     0.702222      5.788725      0.020673      0.255473      1.108460      1.137632      0.013061      -73.479093    -0.602773     1.791432      0.046667      0.125205      0.372721      0.125205      0.372721      0.372721      0.371000      -8.112000     0.717667      0.361864      0.348667      -7.990667     0.686778      0.372569      5.632628      5.940263      1.150874      1.148317      1.117809      5.788725      2.457043      -0.581642     
21        0.337500      -7.930000     0.671333      6.086732      0.021150      0.253836      1.101436      1.130423      0.013588      -71.888278    -0.511005     1.758729      0.049434      0.125205      0.394823      0.125205      0.394823      0.394823      0.348667      -7.990667     0.686778      0.383967      0.326333      -7.869333     0.655889      0.394671      5.940263      6.227623      1.143866      1.139841      1.112842      6.086732      2.295119      -0.711632     
22        0.315167      -7.808667     0.640444      6.362473      0.021442      0.252125      1.094176      1.122966      0.013931      -70.296761    -0.427954     1.712361      0.052201      0.125205      0.416925      0.125205      0.416925      0.416925      0.326333      -7.869333     0.655889      0.406069      0.304000      -7.748000     0.625000      0.416773      6.227623      6.490818      1.133928      1.128315      1.104805      6.362473      2.102106      -0.829941     
23        0.286375      -7.535750     0.597625      6.888474      0.017450      0.132213      1.137402      1.145114      0.013508      -20.449626    -0.362775     0.367482      0.189178      0.428020      0.441983      0.428020      0.441983      0.441983      0.304000      -7.748000     0.625000      0.428155      0.268750      -7.323500     0.570250      0.438408      6.490818      7.226177      1.120884      1.152338      1.094672      6.888474      1.718049      -0.654512     
24        0.251125      -7.111250     0.542875      7.523142      0.015563      0.135412      1.164291      1.172186      0.011527      -19.762643    -0.262142     0.305101      0.201228      0.428020      0.470136      0.428020      0.470136      0.470136      0.268750      -7.323500     0.570250      0.456335      0.233500      -6.899000     0.515500      0.466560      7.226177      7.798586      1.170813      1.183146      1.145153      7.523142      1.337343      -0.234946     
25        0.215875      -6.686750     0.488125      8.058651      0.013539      0.136930      1.176654      1.184634      0.009459      -18.789505    -0.170424     0.245656      0.213278      0.428020      0.498289      0.428020      0.498289      0.498289      0.233500      -6.899000     0.515500      0.484516      0.198250      -6.474500     0.460750      0.494713      7.798586      8.309478      1.190064      1.195759      1.165536      8.058651      1.193617      -0.100848     
26        0.180625      -6.262250     0.433375      8.562507      0.011919      0.137952      1.184873      1.192911      0.007808      -17.729456    -0.085832     0.196867      0.225328      0.428020      0.526442      0.428020      0.526442      0.526442      0.198250      -6.474500     0.460750      0.512699      0.163000      -6.050000     0.406000      0.522865      8.309478      8.829179      1.198323      1.202578      1.175024      8.562507      1.214198      0.148934      
27        0.152813      -5.881250     0.391125      9.046513      0.011016      0.097306      1.196228      1.200202      0.008115      -21.202641    -0.030486     0.205202      0.188043      0.338809      0.555011      0.338809      0.555011      0.555011      0.163000      -6.050000     0.406000      0.540772      0.142625      -5.712500     0.376250      0.559244      8.829179      9.265536      1.207172      1.205153      1.167298      9.046513      1.287913      0.029421      
28        0.132438      -5.543750     0.361375      9.483911      0.011747      0.097016      1.193461      1.197423      0.008855      -19.956636    0.000533      0.201992      0.197865      0.338809      0.584002      0.338809      0.584002      0.584002      0.142625      -5.712500     0.376250      0.569754      0.122250      -5.375000     0.346500      0.588234      9.265536      9.699300      1.202392      1.200704      1.164616      9.483911      1.280259      -0.052012     
29        0.112062      -5.206250     0.331625      9.911819      0.012282      0.096615      1.189280      1.193225      0.009402      -18.693991    0.028919      0.194135      0.207688      0.338809      0.612992      0.338809      0.612992      0.612992      0.122250      -5.375000     0.346500      0.598736      0.101875      -5.037500     0.316750      0.617225      9.699300      10.121581     1.197755      1.195532      1.161876      9.911819      1.246368      -0.048020     
30        0.091688      -4.868750     0.301875      10.328409     0.012782      0.096101      1.183615      1.187538      0.009917      -17.417900    0.054357      0.184766      0.217510      0.338809      0.641983      0.338809      0.641983      0.641983      0.101875      -5.037500     0.316750      0.627718      0.081500      -4.700000     0.287000      0.646215      10.121581     10.532122     1.192193      1.189523      1.158067      10.328409     1.211714      -0.054260     
31        0.071313      -4.531250     0.272125      10.732219     0.013299      0.095470      1.176482      1.180378      0.010452      -16.133048    0.077270      0.174680      0.227332      0.338809      0.670973      0.338809      0.670973      0.670973      0.081500      -4.700000     0.287000      0.656701      0.061125      -4.362500     0.257250      0.675206      10.532122     10.928198     1.185799      1.182625      1.153300      10.732219     1.169025      -0.071739     
32        0.050938      -4.193750     0.242375      11.119280     0.013756      0.094711      1.167689      1.171553      0.010931      -14.841419    0.097732      0.162870      0.237154      0.338809      0.699964      0.338809      0.699964      0.699964      0.061125      -4.362500     0.257250      0.685683      0.040750      -4.025000     0.227500      0.704196      10.928198     11.304684     1.178387      1.174529      1.147407      11.119280     1.111201      -0.098928     
33        0.030563      -3.856250     0.212625      11.484111     0.013918      0.093818      1.157024      1.160851      0.011120      -13.545518    0.115327      0.146904      0.246977      0.338809      0.728954      0.338809      0.728954      0.728954      0.040750      -4.025000     0.227500      0.714666      0.020375      -3.687500     0.197750      0.733187      11.304684     11.657263     1.169548      1.164823      1.140005      11.484111     1.040640      -0.109334     
34        0.010187      -3.518750     0.182875      11.831593     0.014002      0.092949      1.146298      1.150090      0.011230      -12.270299    0.128302      0.130636      0.256799      0.338809      0.757944      0.338809      0.757944      0.757944      0.020375      -3.687500     0.197750      0.743649      -0.000000     -3.350000     0.168000      0.762177      11.657263     12.014556     1.159021      1.154167      1.130846      11.831593     1.054557      0.150408      
35        0.000000      -3.165625     0.157500      12.199416     0.015312      0.065240      1.153753      1.155621      0.013364      -10.207186    0.148470      0.120130      0.287200      0.369349      0.777584      0.369349      0.777584      0.777584      0.000000      -3.350000     0.168000      0.772552      0.000000      -2.981250     0.147000      0.782617      12.014556     12.345675     1.149854      1.159990      1.135067      12.199416     0.896494      -0.565922     
36        0.000000      -2.796875     0.136500      12.467232     0.014016      0.065825      1.163271      1.165154      0.012051      -9.126220     0.145329      0.094039      0.290957      0.369349      0.787755      0.369349      0.787755      0.787755      0.000000      -2.981250     0.147000      0.782723      0.000000      -2.612500     0.126000      0.792788      12.345675     12.577983     1.166191      1.170150      1.151385      12.467232     0.628966      -0.158400     
37        0.000000      -2.428125     0.115500      12.680351     0.012111      0.066148      1.167951      1.169842      0.010138      -7.993099     0.143367      0.066792      0.294713      0.369349      0.797926      0.369349      0.797926      0.797926      0.000000      -2.612500     0.126000      0.792894      0.000000      -2.243750     0.105000      0.802959      12.577983     12.776756     1.172894      1.174982      1.158192      12.680351     0.538169      -0.087430     
38        0.000000      -2.059375     0.094500      12.868077     0.010172      0.066344      1.170373      1.172267      0.008194      -6.837399     0.141371      0.043278      0.298470      0.369349      0.808097      0.369349      0.808097      0.808097      0.000000      -2.243750     0.105000      0.803065      0.000000      -1.875000     0.084000      0.813130      12.776756     12.955196     1.176339      1.177369      1.161779      12.868077     0.483122      -0.061611     
39        0.000000      -1.690625     0.073500      13.038467     0.008979      0.066432      1.171310      1.173205      0.006998      -5.669649     0.139307      0.027279      0.302227      0.369349      0.818269      0.369349      0.818269      0.818269      0.000000      -1.875000     0.084000      0.813236      0.000000      -1.506250     0.063000      0.823301      12.955196     13.118246     1.177850      1.178131      1.163451      13.038467     0.441453      -0.051206     
40        0.000000      -1.321875     0.052500      13.194656     0.013357      0.066294      1.171160      1.173056      0.011378      -4.495848     0.137066      0.034824      0.305983      0.369349      0.828440      0.369349      0.828440      0.828440      0.000000      -1.506250     0.063000      0.823407      0.000000      -1.137500     0.042000      0.833472      13.118246     13.267820     1.177942      1.177606      1.163717      13.194656     0.404967      -0.047578     
41        0.000000      -0.953125     0.031500      13.337646     0.025902      0.065871      1.170287      1.172181      0.023931      -3.320327     0.134165      0.056442      0.309740      0.369349      0.838611      0.369349      0.838611      0.838611      0.000000      -1.137500     0.042000      0.833578      0.000000      -0.768750     0.021000      0.843643      13.267820     13.404041     1.176836      1.175930      1.162796      13.337646     0.368812      -0.050311     
42        0.000000      -0.584375     0.010500      13.468030     0.034614      0.065595      1.170015      1.171909      0.032647      -2.147697     0.131438      0.046091      0.313497      0.369349      0.848782      0.369349      0.848782      0.848782      0.000000      -0.768750     0.021000      0.843749      0.000000      -0.400000     0.000000      0.853814      13.404041     13.530639     1.174587      1.173197      1.160740      13.468030     0.342761      -0.020223     
43        0.000000      -0.350000     0.000000      13.545993     0.035878      -0.000855     1.174497      1.174497      0.035887      -5.194338     0.131546      0.154106      0.085437      0.100000      0.854372      0.100000      0.854372      0.854372      0.000000      -0.400000     0.000000      0.853874      0.000000      -0.300000     0.000000      0.854869      13.530639     13.558525     1.171621      1.172268      1.170258      13.545993     0.278861      -0.564300     
44        0.000000      -0.250000     -0.000000     13.569030     0.036357      -0.000869     1.171769      1.171769      0.036367      -4.010523     0.129453      0.119728      0.085538      0.100000      0.855376      0.100000      0.855376      0.855376      0.000000      -0.300000     -0.000000     0.854879      0.000000      -0.200000     -0.000000     0.855873      13.558525     13.578302     1.172656      1.172882      1.171294      13.569030     0.197770      -0.246614     
45        0.000000      -0.150000     -0.000000     13.586428     0.036812      -0.000883     1.171224      1.171224      0.036822      -2.837445     0.128765      0.084364      0.085638      0.100000      0.856381      0.100000      0.856381      0.856381      0.000000      -0.200000     -0.000000     0.855884      0.000000      -0.100000     -0.000000     0.856878      13.578302     13.593496     1.172988      1.173009      1.171627      13.586428     0.151933      -0.211756     
46        0.000000      -0.050000     -0.000000     13.599020     0.037619      -0.000907     1.170664      1.170664      0.037630      -1.665444     0.128124      0.048528      0.085739      0.100000      0.857385      0.100000      0.857385      0.857385      0.000000      -0.100000     -0.000000     0.856888      0.000000      0.000000      -0.000000     0.857882      13.593496     13.602518     1.172924      1.172720      1.171565      13.599020     0.090229      -0.405286     
47        0.000000      0.050000      -0.000000     13.604107     0.038676      -0.001364     1.170880      1.170880      0.038700      -0.494927     0.128161      0.010124      0.085739      0.100000      0.857385      0.100000      0.857385      0.857385      0.000000      0.000000      -0.000000     0.857882      0.000000      0.100000      -0.000000     0.856888      13.602518     13.603902     1.172342      1.173159      1.173702      13.604107     0.013836      -0.358642     
48        0.000000      0.150000      -0.000000     13.602428     0.045878      -0.001579     1.172379      1.172379      0.045905      0.676670      0.128351      -0.033797     0.085638      0.100000      0.856381      0.100000      0.856381      0.856381      0.000000      0.100000      -0.000000     0.856878      0.000000      0.200000      -0.000000     0.855884      13.603902     13.600209     1.173836      1.174390      1.175199      13.602428     -0.036928     -0.148997     
49        0.000000      0.250000      -0.000000     13.597284     0.050042      -0.001703     1.173979      1.173979      0.050070      1.851489      0.128897      -0.086862     0.085538      0.100000      0.855376      0.100000      0.855376      0.855376      0.000000      0.200000      -0.000000     0.855873      0.000000      0.300000      -0.000000     0.854879      13.600209     13.593692     1.174895      1.175325      1.176261      13.597284     -0.065173     -0.133451     
50        0.000000      0.350000      0.000000      13.589528     0.049798      -0.001696     1.178097      1.178097      0.049827      3.036089      0.131328      -0.136241     0.085437      0.100000      0.854372      0.100000      0.854372      0.854372      0.000000      0.300000      0.000000      0.854869      0.000000      0.400000      0.000000      0.853874      13.593692     13.584889     1.175712      1.176035      1.177080      13.589528     -0.088024     -0.095064     
51        0.000000      0.584375      0.010500      13.558360     0.046373      -0.068409     1.177134      1.179040      0.048388      1.572726      0.132415      -0.046987     0.313497      0.369349      0.848782      0.369349      0.848782      0.848782      0.000000      0.400000      0.000000      0.853814      0.000000      0.768750      0.021000      0.843749      13.584889     13.514796     1.176401      1.181065      1.190434      13.558360     -0.189775     -0.249749     
52        0.000000      0.953125      0.031500      13.459549     0.035686      -0.068273     1.180333      1.182243      0.037702      2.759388      0.136218      -0.068212     0.309740      0.369349      0.838611      0.369349      0.838611      0.838611      0.000000      0.768750      0.021000      0.843643      0.000000      1.137500      0.042000      0.833578      13.514796     13.397970     1.184441      1.186678      1.198743      13.459549     -0.316302     -0.092818     
53        0.000000      1.321875      0.052500      13.330808     0.019237      -0.067910     1.182559      1.184473      0.021249      3.949197      0.139708      -0.048521     0.305983      0.369349      0.828440      0.369349      0.828440      0.828440      0.000000      1.137500      0.042000      0.833472      0.000000      1.506250      0.063000      0.823407      13.397970     13.258811     1.188531      1.189757      1.203060      13.330808     -0.376769     -0.070894     
54        0.000000      1.690625      0.073500      13.182257     0.006550      -0.067586     1.183508      1.185424      0.008558      5.137867      0.142199      -0.012430     0.302227      0.369349      0.818269      0.369349      0.818269      0.818269      0.000000      1.506250      0.063000      0.823301      0.000000      1.875000      0.084000      0.813236      13.258811     13.101426     1.190717      1.191123      1.205454      13.182257     -0.426115     -0.062708     
55        0.000000      2.059375      0.094500      13.016192     0.004968      -0.067516     1.183106      1.185021      0.006975      6.321189      0.144223      -0.010608     0.298470      0.369349      0.808097      0.369349      0.808097      0.808097      0.000000      1.875000      0.084000      0.813130      0.000000      2.243750      0.105000      0.803065      13.101426     12.926430     1.191301      1.190921      1.206231      13.016192     -0.473795     -0.066384     
56        0.000000      2.428125      0.115500      12.831477     0.006974      -0.067463     1.181133      1.183045      0.008979      7.493744      0.146195      -0.028514     0.294713      0.369349      0.797926      0.369349      0.797926      0.797926      0.000000      2.243750      0.105000      0.802959      0.000000      2.612500      0.126000      0.792894      12.926430     12.730670     1.190277      1.188986      1.205386      12.831477     -0.530015     -0.085831     
57        0.000000      2.796875      0.136500      12.621846     0.009199      -0.067293     1.176986      1.178891      0.011198      8.646382      0.148176      -0.052141     0.290957      0.369349      0.787755      0.369349      0.787755      0.787755      0.000000      2.612500      0.126000      0.792788      0.000000      2.981250      0.147000      0.782723      12.730670     12.502844     1.187291      1.184661      1.202558      12.621846     -0.616831     -0.149222     
58        0.000000      3.165625      0.157500      12.362717     0.010797      -0.066859     1.168616      1.170507      0.012782      9.755490      0.151522      -0.075233     0.287200      0.369349      0.777584      0.369349      0.777584      0.777584      0.000000      2.981250      0.147000      0.782617      0.000000      3.350000      0.168000      0.772552      12.502844     12.190519     1.181197      1.175518      1.196586      12.362717     -0.845610     -0.470188     
59        0.010188      3.518750      0.182875      12.019049     0.008777      -0.095007     1.166186      1.170025      0.011601      11.848665     0.131939      -0.070157     0.256799      0.338809      0.757944      0.338809      0.757944      0.757944      0.000000      3.350000      0.168000      0.772240      0.020375      3.687500      0.197750      0.753712      12.190519     11.849977     1.167166      1.172453      1.195858      12.019049     -1.005112     0.041797      
60        0.030563      3.856250      0.212625      11.678343     0.008703      -0.095993     1.178467      1.182346      0.011555      13.155397     0.118712      -0.081513     0.246977      0.338809      0.728954      0.338809      0.728954      0.728954      0.020375      3.687500      0.197750      0.743242      0.040750      4.025000      0.227500      0.724722      11.849977     11.499184     1.178827      1.184524      1.208952      11.678343     -1.035369     -0.131100     
61        0.050938      4.193750      0.242375      11.313111     0.008417      -0.096944     1.190009      1.193928      0.011298      14.477699     0.100553      -0.090942     0.237154      0.338809      0.699964      0.338809      0.699964      0.699964      0.040750      4.025000      0.227500      0.714244      0.061125      4.362500      0.257250      0.695731      11.499184     11.120732     1.190373      1.195004      1.222048      11.313111     -1.117006     -0.109850     
62        0.071313      4.531250      0.272125      10.923038     0.007834      -0.097724     1.199435      1.203387      0.010738      15.795275     0.079388      -0.096084     0.227332      0.338809      0.670973      0.338809      0.670973      0.670973      0.061125      4.362500      0.257250      0.685246      0.081500      4.700000      0.287000      0.666741      11.120732     10.721015     1.199913      1.203652      1.233216      10.923038     -1.179770     -0.075399     
63        0.091688      4.868750      0.301875      10.515319     0.007183      -0.098365     1.207126      1.211106      0.010107      17.107173     0.055648      -0.099157     0.217510      0.338809      0.641983      0.338809      0.641983      0.641983      0.081500      4.700000      0.287000      0.656248      0.101875      5.037500      0.316750      0.637750      10.721015     10.306601     1.207900      1.211049      1.242934      10.515319     -1.223148     -0.052633     
64        0.112063      5.206250      0.331625      10.095248     0.006532      -0.098899     1.213427      1.217432      0.009472      18.413424     0.029255      -0.100966     0.207688      0.338809      0.612992      0.338809      0.612992      0.612992      0.101875      5.037500      0.316750      0.627249      0.122250      5.375000      0.346500      0.608760      10.306601     9.881643      1.214894      1.217656      1.251793      10.095248     -1.254267     -0.039215     
65        0.132438      5.543750      0.361375      9.666016      0.005791      -0.099341     1.218561      1.222586      0.008745      19.713429     -0.000264     -0.100085     0.197865      0.338809      0.584002      0.338809      0.584002      0.584002      0.122250      5.375000      0.346500      0.598250      0.142625      5.712500      0.376250      0.579769      9.881643      9.448595      1.221263      1.223760      1.260193      9.666016      -1.278146     -0.031262     
66        0.152813      5.881250      0.391125      9.235395      0.004925      -0.099766     1.223549      1.227595      0.007891      21.021250     -0.032509     -0.095252     0.188043      0.338809      0.555011      0.338809      0.555011      0.555011      0.142625      5.712500      0.376250      0.569250      0.163000      6.050000      0.406000      0.550778      9.448595      9.032432      1.227232      1.230316      1.268391      9.235395      -1.228311     0.178352      
67        0.180625      6.262250      0.433375      8.783530      0.004472      -0.141891     1.221114      1.229308      0.008693      17.745410     -0.091388     -0.084492     0.225328      0.428020      0.526442      0.428020      0.526442      0.526442      0.163000      6.050000      0.406000      0.540185      0.198250      6.474500      0.460750      0.530019      9.032432      8.536703      1.236304      1.233620      1.260017      8.783530      -1.158192     0.022643      
68        0.215875      6.686750      0.488125      8.285767      0.006056      -0.141299     1.215766      1.223922      0.010257      18.890126     -0.180024     -0.125359     0.213278      0.428020      0.498289      0.428020      0.498289      0.498289      0.198250      6.474500      0.460750      0.512062      0.233500      6.899000      0.515500      0.501865      8.536703      8.024541      1.232624      1.229459      1.257667      8.285767      -1.196585     -0.112343     
69        0.251125      7.111250      0.542875      7.747503      0.007781      -0.140095     1.205095      1.213177      0.011946      19.936030     -0.276837     -0.172164     0.201228      0.428020      0.470136      0.428020      0.470136      0.470136      0.233500      6.899000      0.515500      0.483937      0.268750      7.323500      0.570250      0.473712      8.024541      7.449136      1.226010      1.218431      1.252473      7.747503      -1.344342     -0.232866     
70        0.286375      7.535750      0.597625      7.125295      0.009759      -0.137659     1.183670      1.191607      0.013850      20.771695     -0.384237     -0.227435     0.189178      0.428020      0.441983      0.428020      0.441983      0.441983      0.268750      7.323500      0.570250      0.455811      0.304000      7.748000      0.625000      0.445559      7.449136      6.771839      1.208325      1.191955      1.236128      7.125295      -1.582396     -0.323309     
71        0.315167      7.808667      0.640444      6.657311      0.009398      -0.264497     1.155386      1.185186      0.017264      72.519335     -0.465232     -0.953320     0.052201      0.125205      0.416925      0.125205      0.416925      0.416925      0.304000      7.748000      0.625000      0.427782      0.326333      7.869333      0.655889      0.417078      6.771839      6.529180      1.170434      1.180602      1.200473      6.657311      -1.938090     -1.735644     
72        0.337500      7.930000      0.671333      6.390476      0.008890      -0.267180     1.167077      1.197184      0.016836      74.444736     -0.556872     -0.978553     0.049434      0.125205      0.394823      0.125205      0.394823      0.394823      0.326333      7.869333      0.655889      0.405680      0.348667      7.990667      0.686778      0.394976      6.529180      6.244234      1.189975      1.196722      1.222225      6.390476      -2.275836     -0.961895     
73        0.359833      8.051333      0.702222      6.091362      0.007866      -0.269481     1.177287      1.207656      0.015881      76.297960     -0.658735     -0.968576     0.046667      0.125205      0.372721      0.125205      0.372721      0.372721      0.348667      7.990667      0.686778      0.383578      0.371000      8.112000      0.717667      0.372874      6.244234      5.932772      1.203617      1.208351      1.238170      6.091362      -2.487612     -0.729537     
74        0.382167      8.172667      0.733111      5.768716      0.007070      -0.271206     1.184963      1.215529      0.015137      78.005290     -0.772572     -0.971016     0.043899      0.125205      0.350619      0.125205      0.350619      0.350619      0.371000      8.112000      0.717667      0.361476      0.393333      8.233333      0.748556      0.350771      5.932772      5.599445      1.213504      1.216484      1.250536      5.768716      -2.662246     -0.665243     
75        0.404500      8.294000      0.764000      5.424697      0.006642      -0.272249     1.189603      1.220287      0.014740      79.525334     -0.899862     -0.995388     0.041132      0.125205      0.328517      0.125205      0.328517      0.328517      0.393333      8.233333      0.748556      0.339374      0.415667      8.354667      0.779444      0.328669      5.599445      5.244208      1.219915      1.220901      1.259646      5.424697      -2.837241     -0.732425     
76        0.426833      8.415333      0.794889      5.057044      0.006674      -0.272335     1.189976      1.220670      0.014775      80.765399     -1.041697     -1.048191     0.038365      0.125205      0.306415      0.125205      0.306415      0.306415      0.415667      8.354667      0.779444      0.317272      0.438000      8.476000      0.810333      0.306567      5.244208      4.862273      1.222113      1.220252      1.264785      5.057044      -3.050476     -0.970662     
77        0.449167      8.536667      0.825778      4.657524      0.007165      -0.270815     1.183207      1.213729      0.015220      81.514218     -1.197781     -1.129123     0.035597      0.125205      0.284313      0.125205      0.284313      0.284313      0.438000      8.476000      0.810333      0.295170      0.460333      8.597333      0.841222      0.284465      4.862273      4.440429      1.217953      1.211215      1.263784      4.657524      -3.369224     -1.575149     
78        0.471500      8.658000      0.856667      4.205810      0.007534      -0.266337     1.163274      1.193298      0.015456      81.329093     -1.366384     -1.197181     0.032830      0.125205      0.262211      0.125205      0.262211      0.262211      0.460333      8.597333      0.841222      0.273067      0.482667      8.718667      0.872111      0.262363      4.440429      3.948489      1.202313      1.185937      1.251367      4.205810      -3.929070     -2.896277     
79        0.493833      8.779333      0.887556      3.652104      0.004419      -0.255971     1.116957      1.145857      0.012034      79.231894     -1.551945     -1.015964     0.030063      0.125205      0.240109      0.125205      0.240109      0.240109      0.482667      8.718667      0.872111      0.250965      0.505000      8.840000      0.903000      0.240261      3.948489      3.300290      1.163268      1.124599      1.215094      3.652104      -5.177094     -7.071561     
80        0.532500      8.852500      0.906500      3.210203      -0.001573     -0.016975     1.194009      1.194130      -0.001067     402.676563    -2.131425     0.139570      0.005301      0.026008      0.203823      0.026008      0.203823      0.203823      0.505000      8.840000      0.903000      0.230975      0.560000      8.865000      0.910000      0.203782      3.300290      3.097611      1.056451      1.164508      1.197427      3.210203      -7.793075     -66.541336    
81        0.569167      8.872000      0.929500      2.922029      -0.038142     -1.103235     0.449648      1.191947      -0.005297     118.682912    -1.223518     -2.388777     0.007116      0.041474      0.171588      0.041474      0.171588      0.171588      0.560000      8.865000      0.910000      0.173678      0.578333      8.879000      0.949000      0.178536      3.097611      2.790265      1.318694      1.259098      1.282817      2.922029      -7.410594     50.949359     
82        0.587500      8.886000      0.968500      2.683394      -0.048129     -1.083908     0.441973      1.171435      -0.015855     117.745226    -1.357647     -0.641695     0.006936      0.041474      0.167236      0.041474      0.167236      0.167236      0.578333      8.879000      0.949000      0.169326      0.596667      8.893000      0.988000      0.174183      2.790265      2.582490      1.218386      1.186363      1.184410      2.683394      -5.009790     6.937852      
83        0.605833      8.900000      1.007500      2.485971      -0.043367     -1.018818     0.415384      1.101020      -0.013032     111.691944    -1.368568     -1.555453     0.006755      0.041474      0.162883      0.041474      0.162883      0.162883      0.596667      8.893000      0.988000      0.164973      0.615000      8.907000      1.027000      0.169831      2.582490      2.392258      1.157411      1.128449      1.124308      2.485971      -4.586786     3.261430      
84        0.625750      8.913750      1.046250      2.301787      -0.039828     -0.964667     0.392475      1.042152      -0.011105     108.196366    -1.403911     -2.316569     0.006410      0.040839      0.156965      0.040839      0.156965      0.156965      0.615000      8.907000      1.027000      0.160618      0.636500      8.920500      1.065500      0.163910      2.392258      2.212168      1.101225      1.084238      1.079107      2.301787      -4.409752     1.022792      
85        0.647250      8.927250      1.084750      2.122264      -0.037298     -0.928584     0.377763      1.003131      -0.009650     105.072724    -1.483762     -3.003515     0.006103      0.040839      0.149431      0.040839      0.149431      0.149431      0.636500      8.920500      1.065500      0.153084      0.658000      8.934000      1.104000      0.156376      2.212168      2.030933      1.068443      1.050079      1.045950      2.122264      -4.437813     -1.709884     
86        0.673500      8.940500      1.123250      1.939739      -0.036208     -0.890996     0.370573      0.965617      -0.009680     103.815239    -1.655274     -3.408380     0.005624      0.040696      0.138197      0.040696      0.138197      0.138197      0.658000      8.934000      1.104000      0.145546      0.689000      8.947000      1.142500      0.146129      2.030933      1.849601      1.031714      1.037787      1.027595      1.939739      -4.455733     1.275526      
87        0.704500      8.953500      1.161750      1.759269      -0.034829     -0.903668     0.375868      0.979308      -0.007924     106.184512    -1.972509     -4.544448     0.005011      0.040696      0.123121      0.040696      0.123121      0.123121      0.689000      8.947000      1.142500      0.130470      0.720000      8.960000      1.181000      0.131053      1.849601      1.667493      1.048170      1.056487      1.043503      1.759269      -4.474801     -1.744072     
88        0.730000      8.964667      1.193833      1.603608      -0.031992     -0.913647     0.404215      0.999570      -0.004792     168.731094    -2.412221     -8.721599     0.003023      0.027347      0.110558      0.027347      0.110558      0.110558      0.720000      8.960000      1.181000      0.115460      0.740000      8.969333      1.206667      0.115515      1.667493      1.536266      1.067818      1.072434      1.067300      1.603608      -4.798579     -9.244167     
89        0.750000      8.974000      1.219500      1.465542      -0.030222     -0.916181     0.405332      1.002291      -0.002947     170.109861    -2.728409     -10.016103    0.002749      0.027347      0.100507      0.027347      0.100507      0.100507      0.740000      8.969333      1.206667      0.105409      0.760000      8.978667      1.232333      0.105465      1.536266      1.391508      1.077587      1.078110      1.077015      1.465542      -5.293402     -8.850099     
90        0.770000      8.983333      1.245167      1.312928      -0.027383     -0.909680     0.402431      0.995097      -0.000302     169.799863    -3.073772     -11.464950    0.002474      0.027347      0.090457      0.027347      0.090457      0.090457      0.760000      8.978667      1.232333      0.095358      0.780000      8.988000      1.258000      0.095414      1.391508      1.228565      1.078924      1.073157      1.078291      1.312928      -5.958358     -15.465387    
91        0.789250      8.991375      1.267625      1.161120      -0.023818     -0.898196     0.400598      0.983765      0.002919      226.890220    -3.524814     -17.389790    0.001628      0.020428      0.079713      0.020428      0.079713      0.079713      0.780000      8.988000      1.258000      0.085365      0.798500      8.994750      1.277250      0.083180      1.228565      1.089142      1.064095      1.076993      1.092054      1.161120      -6.825055     -21.723350    
92        0.807750      8.998125      1.286875      1.010661      -0.018730     -0.912032     0.406887      0.998819      0.008417      231.332569    -4.199043     -20.793232    0.001392      0.020428      0.068145      0.020428      0.068145      0.068145      0.798500      8.994750      1.277250      0.073798      0.817000      9.001500      1.296500      0.071612      1.089142      0.923704      1.091196      1.096557      1.124499      1.010661      -8.098592     -40.619295    
93        0.826250      9.004875      1.306125      0.828287      0.002127      -0.899169     0.401246      0.984213      0.028882      228.997734    -4.666185     -30.220622    0.001156      0.020428      0.056578      0.020428      0.056578      0.056578      0.817000      9.001500      1.296500      0.062231      0.835500      9.008250      1.315750      0.060045      0.923704      0.724425      1.097463      1.082414      1.137409      0.828287      -9.755173     -40.474205    
94        0.844750      9.011625      1.325375      0.489276      0.017635      -0.601941     0.268634      0.658441      0.035538      153.902914    -3.546835     -27.824878    0.000919      0.020428      0.045011      0.020428      0.045011      0.045011      0.835500      9.008250      1.315750      0.050664      0.854000      9.015000      1.335000      0.048478      0.724425      0.000000      1.057204      0.803704      1.104867      0.489276      -35.462290    -1217.949197  
95        4.401667      -1.256333     1.125000      0.991565      0.027200      -0.039110     0.299967      0.302400      0.028351      -10.252225    -5.755053     -3.393785     0.008140      0.037353      0.217931      0.037353      0.217931      0.217931      4.420000      -1.275000     1.125000      0.197923      4.383333      -1.237667     1.125000      0.219950      0.000000      1.501966      0.000000      0.336408      0.000000      0.991565      40.210533     -689.733731   
96        4.365000      -1.219000     1.125000      1.754994      0.042691      -0.062950     0.487538      0.491421      0.044545      -16.182201    -7.836005     -5.560952     0.009671      0.037353      0.258906      0.037353      0.258906      0.258906      4.383333      -1.237667     1.125000      0.238923      4.346667      -1.200333     1.125000      0.260925      1.501966      1.974438      0.464799      0.501184      0.425605      1.754994      12.648999     -48.141670    
97        4.328333      -1.181667     1.125000      2.161336      0.037806      -0.066430     0.520042      0.524123      0.039766      -16.744057    -7.191985     -6.121084     0.011202      0.037352      0.299894      0.037352      0.299894      0.299894      4.346667      -1.200333     1.125000      0.279937      4.310000      -1.163000     1.125000      0.301913      1.974438      2.316726      0.521490      0.532866      0.483531      2.161336      9.163716      -45.166239    
98        4.295667      -1.066083     1.125000      2.942258      0.039707      -0.010751     0.633243      0.633316      0.040009      -3.751926     -7.764911     0.024826      0.065635      0.193835      0.338614      0.193835      0.338614      0.338614      4.310000      -1.163000     1.125000      0.319719      4.281333      -0.969167     1.125000      0.343350      2.316726      3.369619      0.535758      0.642450      0.498885      2.942258      5.431901      -10.548886    
99        4.267000      -0.872250     1.125000      3.664770      0.041229      -0.012320     0.718123      0.718209      0.041577      -3.536981     -7.879196     -0.050346     0.073066      0.193835      0.376948      0.193835      0.376948      0.376948      4.281333      -0.969167     1.125000      0.358050      4.252667      -0.775333     1.125000      0.381684      3.369619      3.893672      0.695825      0.718833      0.652739      3.664770      2.703605      -3.526457     
100       4.238333      -0.678417     1.125000      4.066251      0.041252      -0.012481     0.726647      0.726734      0.041605      -2.852327     -7.212005     -0.098058     0.080496      0.193835      0.415282      0.193835      0.415282      0.415282      4.252667      -0.775333     1.125000      0.396381      4.224000      -0.581500     1.125000      0.420018      3.893672      4.192429      0.726289      0.723959      0.685415      4.066251      1.541290      -2.469950     
101       4.209667      -0.484583     1.125000      4.271791      0.041579      -0.012092     0.701891      0.701975      0.041920      -2.053142     -6.355583     -0.132163     0.087927      0.193835      0.453616      0.193835      0.453616      0.453616      4.224000      -0.581500     1.125000      0.434712      4.195333      -0.387667     1.125000      0.458352      4.192429      4.303923      0.713062      0.696281      0.676284      4.271791      0.575203      -2.514116     
102       4.181000      -0.290750     1.125000      4.278940      0.041362      -0.011312     0.651943      0.652021      0.041680      -1.254890     -5.422971     -0.159900     0.095357      0.193835      0.491950      0.193835      0.491950      0.491950      4.195333      -0.387667     1.125000      0.473042      4.166667      -0.193833     1.125000      0.496686      4.303923      4.186958      0.672709      0.643099      0.640686      4.278940      -0.603426     -3.566459     
103       4.152333      -0.096917     1.125000      4.002409      0.037090      -0.009975     0.562301      0.562371      0.037371      -0.519537     -4.313932     -0.180214     0.102788      0.193835      0.530284      0.193835      0.530284      0.530284      4.166667      -0.193833     1.125000      0.511373      4.138000      -0.000000     1.125000      0.535020      4.186958      3.699727      0.605374      0.558053      0.578617      4.002409      -2.513636     -6.288358     
104       4.152333      0.096917      1.125000      6.404547      0.034363      0.012257      0.865496      0.865598      0.033983      -0.016217     -6.676049     0.246543      0.102788      0.193835      0.530284      0.193835      0.530284      0.530284      4.138000      0.000000      1.125000      0.549195      4.166667      0.193833      1.125000      0.525547      6.747451      6.099331      0.908398      0.892982      0.949272      6.404547      -3.343668     2.006202      
105       4.181000      0.290750      1.125000      5.819348      0.031737      0.012445      0.855180      0.855285      0.031353      0.838426      -7.121159     0.220224      0.095357      0.193835      0.491950      0.193835      0.491950      0.491950      4.166667      0.193833      1.125000      0.510858      4.195333      0.387667      1.125000      0.487214      6.099331      5.552142      0.882765      0.874613      0.925605      5.819348      -2.822960     0.680144      
106       4.209667      0.484583      1.125000      5.288653      0.032839      0.012380      0.848397      0.848502      0.032456      1.680264      -7.683170     0.185570      0.087927      0.193835      0.453616      0.193835      0.453616      0.453616      4.195333      0.387667      1.125000      0.472520      4.224000      0.581500      1.125000      0.448880      5.552142      5.019819      0.868766      0.862024      0.914521      5.288653      -2.746270     -0.284501     
107       4.238333      0.678417      1.125000      4.738201      0.034376      0.012094      0.833196      0.833299      0.034000      2.483680      -8.268939     0.141836      0.080496      0.193835      0.415282      0.193835      0.415282      0.415282      4.224000      0.581500      1.125000      0.434183      4.252667      0.775333      1.125000      0.410546      5.019819      4.436361      0.854826      0.843593      0.904044      4.738201      -3.010074     -1.076467     
108       4.267000      0.872250      1.125000      4.100095      0.036678      0.011380      0.794781      0.794879      0.036323      3.164405      -8.717897     0.081144      0.073066      0.193835      0.376948      0.193835      0.376948      0.376948      4.252667      0.775333      1.125000      0.395845      4.281333      0.969167      1.125000      0.372211      4.436361      3.715199      0.828636      0.804221      0.881252      4.100095      -3.720487     -2.588574     
109       4.295667      1.066083      1.125000      3.196695      0.037582      0.009490      0.683305      0.683387      0.037283      3.404101      -8.370058     -0.010103     0.065635      0.193835      0.338614      0.193835      0.338614      0.338614      4.281333      0.969167      1.125000      0.357508      4.310000      1.163000      1.125000      0.333877      3.715199      2.459603      0.768350      0.698007      0.822732      3.196695      -6.477654     -11.635713    
110       4.328333      1.181667      1.125000      2.280492      0.037687      0.053186      0.560435      0.563057      0.036087      15.556273     -7.777721     4.813964      0.011192      0.037337      0.299749      0.037337      0.299749      0.299749      4.310000      1.163000      1.125000      0.319925      4.346667      1.200333      1.125000      0.297748      2.459603      2.069230      0.568433      0.562515      0.610771      2.280492      -10.455263    -46.125285    
111       4.365000      1.219000      1.125000      1.826613      0.040932      0.048084      0.517386      0.519728      0.039483      14.899223     -8.343914     4.131066      0.009654      0.037337      0.258566      0.037337      0.258566      0.258566      4.346667      1.200333      1.125000      0.278843      4.383333      1.237667      1.125000      0.256566      2.069230      1.553436      0.548670      0.522321      0.596311      1.826613      -13.814405    -43.841832    
112       4.401667      1.256333      1.125000      1.020848      0.025857      0.028760      0.315490      0.316868      0.024990      9.409433      -6.068173     2.384091      0.008126      0.037337      0.217632      0.037337      0.217632      0.217632      4.383333      1.237667      1.125000      0.237959      4.420000      1.275000      1.125000      0.215631      1.553436      0.000000      0.482673      0.346818      0.532653      1.020848      -41.605310    -700.475637   
113       3.766550      -0.000000     -0.038750     1.451767      0.002385      -0.087781     0.002087      0.087696      0.004996      -0.436282     -0.010506     -2.889550     0.132558      0.122504      1.082076      0.122504      1.082076      1.082076      3.747000      -0.000000     -0.100000     1.104952      3.786100      0.000000      0.022500      1.078474      0.000000      2.164372      0.000000      0.099198      0.000000      1.451767      17.667835     -98.508339    
114       3.805650      -0.000000     0.083750      2.478939      0.004303      -0.169749     0.003959      0.169592      0.009352      -0.673814     -0.017995     -5.596747     0.126859      0.122504      1.035552      0.122504      1.035552      1.035552      3.786100      -0.000000     0.022500      1.058428      3.825200      0.000000      0.145000      1.031950      2.164372      2.736593      0.151194      0.176993      0.155073      2.478939      4.671062      -7.584734     
115       3.844750      0.000000      0.206250      2.942226      0.003770      -0.210552     0.004824      0.210402      0.010033      -0.624565     -0.021580     -6.954053     0.121159      0.122504      0.989027      0.122504      0.989027      0.989027      3.825200      0.000000      0.145000      1.011903      3.864300      0.000000      0.267500      0.985425      2.736593      3.100727      0.199956      0.219953      0.205329      2.942226      2.972431      -6.281242     
116       3.883850      -0.000000     0.328750      3.221323      0.003554      -0.241284     0.005453      0.241133      0.010733      -0.475089     -0.024819     -7.992099     0.115460      0.122504      0.942502      0.122504      0.942502      0.942502      3.864300      -0.000000     0.267500      0.965378      3.903400      0.000000      0.390000      0.938900      3.100727      3.313242      0.237481      0.252705      0.244178      3.221323      1.734773      -3.821803     
117       3.922950      -0.000000     0.451250      3.381007      0.003222      -0.265220     0.005928      0.265073      0.011112      -0.258943     -0.027801     -8.818846     0.109760      0.122504      0.895977      0.122504      0.895977      0.895977      3.903400      -0.000000     0.390000      0.918853      3.942500      0.000000      0.512500      0.892376      3.313242      3.429141      0.266606      0.279005      0.274516      3.381007      0.946087      -2.616258     
118       3.962050      0.000000      0.573750      3.459532      0.002915      -0.284225     0.006292      0.284082      0.011371      0.003591      -0.030722     -9.494355     0.104061      0.122504      0.849453      0.122504      0.849453      0.849453      3.942500      0.000000      0.512500      0.872329      3.981600      0.000000      0.635000      0.845851      3.429141      3.474066      0.290648      0.301121      0.299747      3.459532      0.366725      -2.113096     
119       4.001150      0.000000      0.696250      3.474834      0.002688      -0.298908     0.006560      0.298767      0.011581      0.298628      -0.033610     -10.035863    0.098362      0.122504      0.802928      0.122504      0.802928      0.802928      3.981600      -0.000000     0.635000      0.825804      4.020700      0.000000      0.757500      0.799326      3.474066      3.463925      0.311045      0.319978      0.321349      3.474834      -0.082785     -1.556267     
120       4.040250      -0.000000     0.818750      3.442041      0.002751      -0.309512     0.006733      0.309366      0.011960      0.613930      -0.036360     -10.448763    0.092662      0.122504      0.756403      0.122504      0.756403      0.756403      4.020700      -0.000000     0.757500      0.779279      4.059800      0.000000      0.880000      0.752801      3.463925      3.409887      0.328653      0.336454      0.340213      3.442041      -0.441112     -1.368766     
121       4.079350      -0.000000     0.941250      3.369889      0.003580      -0.315582     0.006789      0.315409      0.012969      0.936259      -0.038448     -10.713903    0.086963      0.122504      0.709879      0.122504      0.709879      0.709879      4.059800      -0.000000     0.880000      0.732755      4.098900      0.000000      1.002500      0.706277      3.409887      3.324473      0.344068      0.350990      0.356967      3.369889      -0.697237     -0.721991     
122       4.118450      0.000000      1.063750      3.231224      0.003623      -0.312652     0.006635      0.312476      0.012925      1.235231      -0.039309     -10.673042    0.081263      0.122504      0.663354      0.122504      0.663354      0.663354      4.098900      0.000000      1.002500      0.686230      4.138000      0.000000      1.125000      0.659752      3.324473      3.047724      0.358192      0.360151      0.372567      3.231224      -2.259112     -12.027644    
