Flight configuration defined in input file = test.txt
CL trim final alpha = -3.331
Flight Condition number = 1
number of timesteps = 24
number of spanwise strips = 5

strip     x_ref         y_ref         z_ref         Gamma0        Cfx           Cfy           Cfz           Cfn           Cd            Cl            Cm            Cn            Ref. area     Ref. span     Ref. lngth    Ref-l cl      Ref-l cm      Ref-l cn      x1            y1            z1            chord1        x2            y2            z2            chord2        Gamma1        Gamma2        cn1           cn0           cn2           A_te          B_te          C_te          
-------------------------------------------------------------------------------------------------------------------------------------------------------------------------------------------------------------------------------------------------------------------------------------------------------------------------------------------------------------------------------------------------------------------------------------------------------------------------------------------------------#
0         0.000000      1.000000      0.000000      -0.011395     0.000000      0.000000      -0.002700     0.002700      0.000000      -0.001350     -0.104790     0.000002      2.008461      2.000000      1.004230      2.000000      1.004230      1.004230      0.000000      0.000000      0.000000      1.004230      0.000000      2.000000      0.000000      1.004230      -0.011404     -0.011384     -0.002065     -0.002063     -0.002065     -0.011395     0.000082      0.000041      
1         0.000000      3.000000      0.000000      -0.010374     0.000000      0.000000      -0.002475     0.002475      0.000000      -0.003713     -0.105127     0.000048      2.008461      2.000000      1.004230      2.000000      1.004230      1.004230      0.000000      2.000000      0.000000      1.004230      0.000000      4.000000      0.000000      1.004230      -0.010568     -0.010158     -0.001913     -0.001878     -0.001913     -0.010374     0.001631      0.000734      
2         0.000000      5.000000      0.000000      -0.007482     0.000000      0.000000      -0.002142     0.002142      0.000000      -0.005355     -0.105053     -0.000060     2.008461      2.000000      1.004230      2.000000      1.004230      1.004230      0.000000      4.000000      0.000000      1.004230      0.000000      6.000000      0.000000      1.004230      -0.007266     -0.007780     -0.001316     -0.001355     -0.001316     -0.007482     -0.002043     -0.002571     
3         0.000000      7.000000      0.000000      0.000326      0.000001      0.000000      0.000541      0.000541      0.000001      0.001896      -0.111327     0.000941      2.008461      2.000000      1.004230      2.000000      1.004230      1.004230      0.000000      6.000000      0.000000      1.004230      0.000000      8.000000      0.000000      1.004230      -0.003392     0.004664      -0.000614     0.000059      -0.000614     0.000326      0.032031      0.019608      
4         0.000000      9.000000      0.000000      0.074597      0.000012      0.000000      0.010091      0.010091      0.000012      0.045410      -0.102551     -0.000788     2.008461      2.000000      1.004230      2.000000      1.004230      1.004230      0.000000      8.000000      0.000000      1.004230      0.000000      10.000000     0.000000      1.004230      0.077095      0.070560      0.013958      0.013506      0.013958      0.074597      -0.025982     -0.048614     
