840
40 -303.516905 6.377584 -199.085137
40 -304.627134 6.377584 -198.541210
40 -305.659786 6.298972 -198.049434
40 -306.740797 6.298972 -197.521595
40 -307.748612 6.222517 -197.043216
40 -308.781372 6.222516 -196.558572
40 -309.745489 6.152318 -196.118338
40 -310.713740 6.152318 -195.705333
40 -311.617455 6.092727 -195.329410
40 -312.490044 6.092728 -194.982232
40 -313.304590 6.042785 -194.665687
40 -314.053420 6.042785 -194.378533
40 -314.752857 6.001527 -194.116346
40 -315.359711 6.001527 -193.895385
40 -315.926540 5.969866 -193.693406
40 -316.371653 5.969866 -193.533669
40 -316.787628 5.946986 -193.387532
40 -317.046116 5.946986 -193.265449
40 -317.289491 5.929159 -193.153693
40 -317.290903 5.929159 -192.949040
40 -317.303877 5.897519 -192.761563
40 -317.140774 5.873208 -192.622011
40 -316.953144 5.873208 -192.469803
40 -316.621277 5.858055 -192.388797
40 -316.253448 5.858055 -192.300498
40 -315.769224 5.855501 -192.297968
40 -315.240376 5.855501 -192.295213
40 -314.627490 5.869997 -192.396865
40 -313.964839 5.869997 -192.507669
40 -313.251932 5.906235 -192.740515
40 -312.487819 5.906234 -192.994522
40 -311.698640 5.965631 -193.366324
40 -310.858557 5.965632 -193.772522
40 -310.017475 6.048564 -194.284879
40 -309.127082 6.048565 -194.845874
40 -308.248287 6.150561 -195.471967
40 -307.320510 6.150561 -196.159466
40 -306.404048 6.261063 -196.836842
40 -305.434663 6.261063 -197.583104
40 -304.495937 6.374679 -198.279480
40 -300.164101 18.859424 -198.481771
40 -301.098994 18.788254 -198.036549
40 -302.131646 18.709642 -197.544773
40 -303.044053 18.640424 -197.111679
40 -304.051869 18.563968 -196.633300
40 -304.924715 18.500415 -196.234740
40 -305.888832 18.430217 -195.794506
40 -306.706994 18.376267 -195.454170
40 -307.610709 18.316676 -195.078247
40 -308.348144 18.271462 -194.791667
40 -309.162690 18.221519 -194.475121
40 -309.795913 18.184167 -194.237753
40 -310.495350 18.142909 -193.975566
40 -311.008518 18.114245 -193.792707
40 -311.575347 18.082585 -193.590728
40 -311.951943 18.061869 -193.458424
40 -312.367918 18.038988 -193.312287
40 -312.588253 18.022850 -193.211110
40 -312.831627 18.005024 -193.099354
40 -312.843373 17.976379 -192.929625
40 -312.856347 17.944738 -192.742148
40 -312.693244 17.920428 -192.602595
40 -312.545581 17.898418 -192.476254
40 -312.213714 17.883265 -192.395248
40 -311.913265 17.869546 -192.321910
40 -311.429042 17.866993 -192.319380
40 -310.990658 17.864680 -192.317089
40 -310.377772 17.879176 -192.418741
40 -309.822906 17.892300 -192.510771
40 -309.109999 17.928537 -192.743616
40 -308.464581 17.961344 -192.954420
40 -307.675402 18.020741 -193.326223
40 -306.960933 18.074516 -193.662829
40 -306.119851 18.157449 -194.175186
40 -305.358393 18.232531 -194.639041
40 -304.479598 18.334528 -195.265135
40 -303.683997 18.426869 -195.831959
40 -302.767535 18.537371 -196.509335
40 -301.937833 18.637412 -197.122587
40 -300.999107 18.751028 -197.818963
40 -296.884717 31.067936 -197.891618
40 -297.819610 30.996765 -197.446395
40 -298.656744 30.933037 -197.047727
40 -299.569152 30.863819 -196.614633
40 -300.386152 30.801838 -196.226825
40 -301.258999 30.738285 -195.828265
40 -302.040574 30.681377 -195.471379
40 -302.858736 30.627428 -195.131043
40 -303.591346 30.579119 -194.826293
40 -304.328781 30.533904 -194.539713
40 -304.989104 30.493417 -194.283098
40 -305.622327 30.456065 -194.045730
40 -306.189337 30.422618 -193.833182
40 -306.702505 30.393955 -193.650323
40 -307.162013 30.368289 -193.486584
40 -307.538609 30.347574 -193.354280
40 -307.875825 30.329024 -193.235811
40 -308.096160 30.312886 -193.134634
40 -308.293455 30.298435 -193.044036
40 -308.305201 30.269790 -192.874307
40 -308.315718 30.244139 -192.722326
40 -308.183495 30.224432 -192.609196
40 -308.035832 30.202422 -192.482855
40 -307.766800 30.190138 -192.417187
40 -307.466351 30.176420 -192.343849
40 -307.073807 30.174349 -192.341799
40 -306.635423 30.172037 -192.339509
40 -306.138578 30.183788 -192.421916
40 -305.583712 30.196912 -192.513945
40 -305.005783 30.226289 -192.702707
40 -304.360365 30.259096 -192.913511
40 -303.720606 30.307247 -193.214921
40 -303.006137 30.361022 -193.551527
40 -302.324302 30.428253 -193.966880
40 -301.562843 30.503335 -194.430735
40 -300.850436 30.586021 -194.938290
40 -300.054835 30.678362 -195.505114
40 -299.311893 30.767943 -196.054242
40 -298.482190 30.867984 -196.667494
40 -297.721199 30.960090 -197.232025
40 -293.605334 43.276447 -197.301464
40 -294.344709 43.220160 -196.949349
40 -295.181843 43.156432 -196.550680
40 -295.903436 43.101690 -196.208158
40 -296.720436 43.039709 -195.820350
40 -297.410741 42.989445 -195.505139
40 -298.192316 42.932538 -195.148253
40 -298.839373 42.889871 -194.879089
40 -299.571983 42.841563 -194.574339
40 -300.155195 42.805803 -194.347689
40 -300.815519 42.765316 -194.091075
40 -301.316314 42.735774 -193.903346
40 -301.883324 42.702328 -193.690798
40 -302.289171 42.679659 -193.546179
40 -302.748679 42.653993 -193.382440
40 -303.046516 42.637610 -193.277804
40 -303.383733 42.619060 -193.159334
40 -303.557988 42.606297 -193.079316
40 -303.755283 42.591845 -192.988718
40 -303.764572 42.569191 -192.854485
40 -303.775089 42.543540 -192.702504
40 -303.642867 42.523832 -192.589374
40 -303.526084 42.506426 -192.489455
40 -303.257052 42.494142 -192.423787
40 -303.019436 42.483293 -192.365788
40 -302.626892 42.481222 -192.363738
40 -302.280188 42.479393 -192.361928
40 -301.783343 42.491144 -192.444335
40 -301.344518 42.501524 -192.517120
40 -300.766589 42.530901 -192.705882
40 -300.256149 42.556847 -192.872602
40 -299.616390 42.604999 -193.174012
40 -299.051340 42.647528 -193.440225
40 -298.369505 42.714758 -193.855578
40 -297.767294 42.774139 -194.222428
40 -297.054887 42.856825 -194.729983
40 -296.425673 42.929855 -195.178269
40 -295.682731 43.019436 -195.727397
40 -295.026548 43.098556 -196.212401
40 -294.265556 43.190662 -196.776932
40 -290.325950 55.484958 -196.711311
40 -291.065325 55.428672 -196.359196
40 -291.706942 55.379827 -196.053634
40 -292.428535 55.325084 -195.711111
40 -293.054720 55.277579 -195.413874
40 -293.745024 55.227316 -195.098663
40 -294.344058 55.183699 -194.825126
40 -294.991115 55.141031 -194.555962
40 -295.552620 55.104006 -194.322385
40 -296.135832 55.068246 -194.095736
40 -296.641934 55.037214 -193.899051
40 -297.142729 55.007673 -193.711323
40 -297.577310 54.982037 -193.548414
40 -297.983158 54.959369 -193.403795
40 -298.335345 54.939697 -193.278296
40 -298.633182 54.923314 -193.173660
40 -298.891640 54.909096 -193.082858
40 -299.065896 54.896333 -193.002840
40 -299.217111 54.885256 -192.933401
40 -299.226400 54.862601 -192.799167
40 -299.234461 54.842941 -192.682682
40 -299.133119 54.827836 -192.595974
40 -299.016336 54.810430 -192.496056
40 -298.810137 54.801014 -192.445726
40 -298.572521 54.790165 -192.387726
40 -298.271657 54.788579 -192.386157
40 -297.924954 54.786750 -192.384347
40 -297.544149 54.795756 -192.447510
40 -297.105323 54.806136 -192.520295
40 -296.662373 54.828652 -192.664973
40 -296.151933 54.854599 -192.831693
40 -295.661593 54.891505 -193.062710
40 -295.096544 54.934033 -193.328924
40 -294.573956 54.985563 -193.647272
40 -293.971744 55.044944 -194.014122
40 -293.425725 55.108318 -194.403138
40 -292.796511 55.181349 -194.851424
40 -292.227088 55.250009 -195.272304
40 -291.570905 55.329129 -195.757308
40 -290.987648 55.399723 -196.189993
40 -287.046566 67.693470 -196.121158
40 -287.590424 67.652067 -195.862150
40 -288.232041 67.603221 -195.556588
40 -288.762818 67.562954 -195.304636
40 -289.389003 67.515449 -195.007399
40 -289.896766 67.478477 -194.775537
40 -290.495800 67.434859 -194.502000
40 -290.971752 67.403474 -194.304009
40 -291.533257 67.366448 -194.070432
40 -291.962247 67.340144 -193.903713
40 -292.468349 67.309112 -193.707028
40 -292.836716 67.287383 -193.568939
40 -293.271297 67.261747 -193.406030
40 -293.569824 67.245072 -193.299651
40 -293.922012 67.225401 -193.174152
40 -294.141090 67.213350 -193.097184
40 -294.399548 67.199132 -193.006382
40 -294.527724 67.189743 -192.947522
40 -294.678939 67.178666 -192.878083
40 -294.685771 67.162002 -192.779345
40 -294.693832 67.142343 -192.662860
40 -294.592490 67.127238 -192.576152
40 -294.506588 67.114434 -192.502656
40 -294.300388 67.105019 -192.452326
40 -294.125606 67.097037 -192.409665
40 -293.824742 67.095451 -192.408096
40 -293.569719 67.094106 -192.406766
40 -293.188914 67.103113 -192.469929
40 -292.866129 67.110748 -192.523469
40 -292.423179 67.133264 -192.668148
40 -292.047717 67.152350 -192.790784
40 -291.557377 67.189255 -193.021801
40 -291.141747 67.220539 -193.217622
40 -290.619159 67.272069 -193.535970
40 -290.176194 67.315748 -193.805816
40 -289.630175 67.379123 -194.194832
40 -289.167349 67.432842 -194.524579
40 -288.597926 67.501502 -194.945459
40 -288.115262 67.559701 -195.302215
40 -287.532006 67.630296 -195.734900
40 -283.767182 79.901981 -195.531004
40 -284.311040 79.860578 -195.271996
40 -284.757139 79.826616 -195.059542
40 -285.287917 79.786349 -194.807590
40 -285.723287 79.753319 -194.600924
40 -286.231050 79.716347 -194.369061
40 -286.647542 79.686019 -194.178873
40 -287.123494 79.654635 -193.980882
40 -287.513894 79.628891 -193.818478
40 -287.942884 79.602587 -193.651759
40 -288.294764 79.581010 -193.515005
40 -288.663131 79.559281 -193.376916
40 -288.965284 79.541457 -193.263646
40 -289.263811 79.524782 -193.157267
40 -289.508678 79.511104 -193.070008
40 -289.727756 79.499053 -192.993040
40 -289.907455 79.489168 -192.929905
40 -290.035631 79.479779 -192.871045
40 -290.140767 79.472077 -192.822765
40 -290.147599 79.455414 -192.724027
40 -290.153203 79.441745 -192.643038
40 -290.082741 79.431242 -192.582753
40 -289.996839 79.418438 -192.509257
40 -289.853473 79.411892 -192.474265
40 -289.678691 79.403910 -192.431604
40 -289.469507 79.402807 -192.430515
40 -289.214484 79.401463 -192.429185
40 -288.949719 79.407725 -192.473104
40 -288.626935 79.415360 -192.526644
40 -288.318963 79.431016 -192.627239
40 -287.943501 79.450101 -192.749875
40 -287.602581 79.475761 -192.910499
40 -287.186951 79.507045 -193.106320
40 -286.823610 79.542873 -193.327663
40 -286.380645 79.586552 -193.597509
40 -286.001013 79.630617 -193.867987
40 -285.538187 79.684336 -194.197734
40 -285.142283 79.732074 -194.490366
40 -284.659620 79.790273 -194.847122
40 -284.254098 79.839357 -195.147962
40 -316.997085 6.075000 -191.547041
40 -317.492555 6.075000 -191.604748
40 -317.943257 6.074254 -191.657178
40 -319.381099 6.074254 -191.824643
40 -320.689088 6.072090 -191.976800
40 -322.867200 6.072091 -193.138215
40 -324.858539 6.046194 -194.194321
40 -327.681888 6.046194 -194.478406
40 -330.251222 6.043092 -194.736690
40 -333.389893 6.043092 -194.919429
40 -336.244761 6.042961 -195.085477
40 -339.393023 6.042961 -195.134178
40 -342.254726 6.046176 -195.178238
40 -345.100125 6.046175 -195.153114
40 -347.685227 6.050791 -195.130014
40 -349.954356 6.050790 -194.964870
40 -352.013308 6.058062 -194.814424
40 -353.475142 6.058062 -194.645387
40 -354.800281 6.064292 -194.491497
40 -355.329714 6.064292 -194.088989
40 -355.803870 6.075000 -193.722876
40 -355.394243 6.095792 -192.937455
40 -354.958928 6.095792 -192.073390
40 -353.676107 6.110246 -191.472096
40 -352.274793 6.110246 -190.810152
40 -350.239118 6.114393 -190.545215
40 -348.001341 6.114393 -190.253401
40 -345.423150 6.113223 -190.153179
40 -342.584519 6.113223 -190.042719
40 -339.721997 6.109682 -190.013271
40 -336.569149 6.109682 -189.980747
40 -333.699956 6.102862 -190.070336
40 -330.538418 6.102862 -190.168889
40 -327.943845 6.093636 -190.360998
40 -325.084062 6.093636 -190.572398
40 -323.022491 6.085070 -190.769581
40 -320.750271 6.085069 -190.986526
40 -319.423382 6.077950 -191.171640
40 -317.960586 6.077951 -191.375283
40 -317.502363 6.075000 -191.457073
40 -312.534228 18.225000 -191.631641
40 -312.939855 18.224329 -191.678797
40 -313.390557 18.223583 -191.731227
40 -314.567732 18.221638 -191.868080
40 -315.875721 18.219475 -192.020237
40 -317.667957 18.196195 -192.970585
40 -319.659296 18.170298 -194.026691
40 -321.971664 18.167513 -194.258976
40 -324.540998 18.164410 -194.517260
40 -327.110335 18.164296 -194.666516
40 -329.965203 18.164165 -194.832564
40 -332.540684 18.167058 -194.872033
40 -335.402388 18.170273 -194.916093
40 -337.728929 18.174422 -194.895136
40 -340.314031 18.179037 -194.872036
40 -342.167039 18.185572 -194.736505
40 -344.225991 18.192844 -194.586060
40 -345.418581 18.198441 -194.447476
40 -346.743720 18.204672 -194.293586
40 -347.170428 18.214292 -193.964061
40 -347.644585 18.225000 -193.597948
40 -347.234958 18.245792 -192.812527
40 -346.866250 18.264471 -192.105688
40 -345.583430 18.278926 -191.504394
40 -344.428877 18.291913 -190.963323
40 -342.393202 18.296060 -190.698386
40 -340.561116 18.299789 -190.460079
40 -337.982925 18.298619 -190.359858
40 -335.662596 18.297572 -190.269826
40 -332.800074 18.294031 -190.240379
40 -330.223856 18.290853 -190.214061
40 -327.354663 18.284033 -190.303651
40 -324.772450 18.277907 -190.384465
40 -322.177877 18.268680 -190.576574
40 -319.842823 18.260388 -190.749636
40 -317.781252 18.251823 -190.946818
40 -315.925890 18.244122 -191.124412
40 -314.599001 18.237003 -191.309527
40 -313.404838 18.230604 -191.476212
40 -312.946615 18.227653 -191.558002
40 -308.071371 30.375000 -191.716241
40 -308.476998 30.374329 -191.763397
40 -308.837549 30.373733 -191.805281
40 -310.014724 30.371788 -191.942134
40 -311.061085 30.370062 -192.063685
40 -312.853321 30.346782 -193.014033
40 -314.446452 30.326119 -193.858623
40 -316.758820 30.323333 -194.090908
40 -318.814223 30.320864 -194.297194
40 -321.383560 30.320750 -194.446451
40 -323.667366 30.320653 -194.578915
40 -326.242848 30.323545 -194.618383
40 -328.532107 30.326115 -194.653261
40 -330.858648 30.330264 -194.632304
40 -332.926628 30.333949 -194.613492
40 -334.779636 30.340484 -194.477961
40 -336.426700 30.346283 -194.357344
40 -337.619290 30.351881 -194.218761
40 -338.679331 30.356847 -194.095483
40 -339.106039 30.366468 -193.765958
40 -339.485299 30.375000 -193.473019
40 -339.157512 30.391568 -192.844763
40 -338.788804 30.410247 -192.137924
40 -337.762519 30.421768 -191.657076
40 -336.607967 30.434756 -191.116006
40 -334.979471 30.438067 -190.904329
40 -333.147385 30.441797 -190.666022
40 -331.084917 30.440871 -190.586181
40 -328.764588 30.439824 -190.496149
40 -326.474675 30.437008 -190.472962
40 -323.898458 30.433830 -190.446644
40 -321.603224 30.428398 -190.518683
40 -319.021011 30.422272 -190.599497
40 -316.945476 30.414915 -190.753512
40 -314.610423 30.406624 -190.926574
40 -312.961270 30.399790 -191.084579
40 -311.105908 30.392089 -191.262173
40 -310.044471 30.386408 -191.410429
40 -308.850308 30.380008 -191.577114
40 -308.483758 30.377653 -191.642602
40 -303.608513 42.525000 -191.800841
40 -303.923989 42.524480 -191.837451
40 -304.284540 42.523885 -191.879335
40 -305.200087 42.522376 -191.985583
40 -306.246449 42.520649 -192.107134
40 -307.640477 42.502602 -192.845965
40 -309.233608 42.481939 -193.690555
40 -311.032045 42.479786 -193.870842
40 -313.087447 42.477317 -194.077129
40 -315.085723 42.477238 -194.192801
40 -317.369530 42.477140 -194.325265
40 -319.372567 42.479388 -194.355551
40 -321.661827 42.481957 -194.390429
40 -323.471246 42.485176 -194.373760
40 -325.539226 42.488861 -194.354947
40 -326.980345 42.493923 -194.249245
40 -328.627409 42.499722 -194.128629
40 -329.554901 42.504057 -194.020658
40 -330.614942 42.509023 -193.897380
40 -330.946753 42.516467 -193.641029
40 -331.326013 42.525000 -193.348091
40 -330.998226 42.541567 -192.719835
40 -330.711359 42.556023 -192.170161
40 -329.685074 42.567544 -191.689313
40 -328.787056 42.577599 -191.268688
40 -327.158560 42.580910 -191.057011
40 -325.733653 42.583803 -190.871964
40 -323.671186 42.582879 -190.792123
40 -321.866580 42.582077 -190.722472
40 -319.576667 42.579261 -190.699285
40 -317.573059 42.576808 -190.679228
40 -315.277826 42.571376 -190.751267
40 -313.269572 42.566637 -190.814530
40 -311.194038 42.559280 -190.968544
40 -309.378022 42.552858 -191.103512
40 -307.728870 42.546024 -191.261517
40 -306.285926 42.540057 -191.399933
40 -305.224489 42.534375 -191.548189
40 -304.295779 42.529412 -191.678016
40 -303.929228 42.527057 -191.743504
40 -299.145656 54.675000 -191.885441
40 -299.461132 54.674480 -191.922051
40 -299.731532 54.674035 -191.953389
40 -300.647079 54.672526 -192.059637
40 -301.431812 54.671237 -192.150582
40 -302.825840 54.653189 -192.889414
40 -304.020764 54.637759 -193.522486
40 -305.819201 54.635606 -193.702774
40 -307.360672 54.633771 -193.857063
40 -309.358948 54.633691 -193.972735
40 -311.071693 54.633627 -194.071616
40 -313.074731 54.635875 -194.101902
40 -314.791546 54.637800 -194.127597
40 -316.600965 54.641020 -194.110928
40 -318.151823 54.643773 -194.096402
40 -319.592942 54.648836 -193.990700
40 -320.828118 54.653162 -193.899913
40 -321.755610 54.657497 -193.791942
40 -322.550553 54.661199 -193.699277
40 -322.882364 54.668643 -193.442926
40 -323.166727 54.675000 -193.223162
40 -322.920780 54.687343 -192.752071
40 -322.633913 54.701799 -192.202398
40 -321.864164 54.710387 -191.841996
40 -320.966146 54.720442 -191.421371
40 -319.744828 54.722917 -191.262954
40 -318.319921 54.725810 -191.077906
40 -316.773177 54.725131 -191.018446
40 -314.968571 54.724329 -190.948795
40 -313.251269 54.722239 -190.931868
40 -311.247661 54.719786 -190.911811
40 -309.526387 54.715741 -190.966299
40 -307.518134 54.711002 -191.029562
40 -305.961638 54.705515 -191.145483
40 -304.145622 54.699093 -191.280450
40 -302.908888 54.693991 -191.399277
40 -301.465944 54.688023 -191.537694
40 -300.669960 54.683780 -191.649091
40 -299.741249 54.678818 -191.778918
40 -299.466371 54.677058 -191.828104
40 -294.682799 66.825000 -191.970041
40 -294.908124 66.824630 -191.996105
40 -295.178524 66.824185 -192.027443
40 -295.832443 66.823114 -192.103085
40 -296.617176 66.821824 -192.194031
40 -297.612996 66.809010 -192.721345
40 -298.807920 66.793580 -193.354418
40 -300.092425 66.792060 -193.482708
40 -301.633896 66.790224 -193.636997
40 -303.061111 66.790178 -193.719086
40 -304.773857 66.790114 -193.817966
40 -306.204450 66.791718 -193.839070
40 -307.921265 66.793644 -193.864765
40 -309.213562 66.795932 -193.852383
40 -310.764420 66.798686 -193.837858
40 -311.793651 66.802276 -193.761985
40 -313.028827 66.806602 -193.671197
40 -313.691220 66.809672 -193.593839
40 -314.486163 66.813374 -193.501174
40 -314.723079 66.818643 -193.317998
40 -315.007442 66.825000 -193.098234
40 -314.761495 66.837343 -192.627143
40 -314.556467 66.847574 -192.234634
40 -313.786718 66.856162 -191.874233
40 -313.145236 66.863284 -191.574054
40 -311.923918 66.865760 -191.415636
40 -310.906190 66.867818 -191.283849
40 -309.359446 66.867138 -191.224388
40 -308.070563 66.866581 -191.175118
40 -306.353261 66.864491 -191.158191
40 -304.922263 66.862764 -191.144394
40 -303.200989 66.858718 -191.198882
40 -301.766695 66.855366 -191.244594
40 -300.210199 66.849879 -191.360515
40 -298.913222 66.845327 -191.457389
40 -297.676487 66.840226 -191.576216
40 -296.645962 66.835990 -191.675454
40 -295.849978 66.831747 -191.786851
40 -295.186719 66.828222 -191.879820
40 -294.911841 66.826462 -191.929006
40 -290.219942 78.975000 -192.054641
40 -290.445267 78.974631 -192.080705
40 -290.625516 78.974336 -192.101497
40 -291.279435 78.973264 -192.177139
40 -291.802540 78.972411 -192.237479
40 -292.798360 78.959598 -192.764794
40 -293.595076 78.949400 -193.186350
40 -294.879581 78.947880 -193.314640
40 -295.907121 78.946678 -193.416931
40 -297.334336 78.946631 -193.499020
40 -298.476020 78.946601 -193.564317
40 -299.906614 78.948205 -193.585420
40 -301.050985 78.949486 -193.601933
40 -302.343282 78.951774 -193.589551
40 -303.377018 78.953598 -193.579313
40 -304.406249 78.957188 -193.503440
40 -305.229536 78.960042 -193.442482
40 -305.891929 78.963112 -193.365123
40 -306.421774 78.965549 -193.303071
40 -306.658689 78.970819 -193.119895
40 -306.848156 78.975000 -192.973305
40 -306.684049 78.983119 -192.659380
40 -306.479021 78.993350 -192.266871
40 -305.965808 78.999006 -192.026915
40 -305.324326 79.006128 -191.726736
40 -304.510187 79.007767 -191.621578
40 -303.492458 79.009824 -191.489791
40 -302.461438 79.009390 -191.450712
40 -301.172555 79.008833 -191.401442
40 -300.027863 79.007469 -191.390774
40 -298.596865 79.005741 -191.376977
40 -297.449551 79.003083 -191.413914
40 -296.015257 78.999730 -191.459627
40 -294.977799 78.996113 -191.537453
40 -293.680821 78.991562 -191.634327
40 -292.856505 78.988193 -191.713976
40 -291.825980 78.983958 -191.813214
40 -291.295448 78.981152 -191.887753
40 -290.632189 78.977627 -191.980722
40 -290.448984 78.976462 -192.013606
40 -356.101526 6.945257 -192.537713
40 -356.276114 6.945257 -192.786077
40 -356.400098 7.031100 -193.023583
40 -356.574506 7.031100 -193.272205
40 -356.698489 7.116943 -193.509710
40 -356.872717 7.116942 -193.758591
40 -356.996700 7.202786 -193.996097
40 -357.170748 7.202786 -194.245236
40 -357.294731 7.288628 -194.482741
40 -357.444912 7.288628 -194.743445
40 -357.553325 7.364050 -194.992845
40 -357.682231 7.364049 -195.263817
40 -357.776725 7.430258 -195.523813
40 -357.384645 7.430258 -196.043592
40 -357.135310 7.268033 -196.565639
40 -357.337161 7.268034 -196.801558
40 -357.479584 7.367041 -197.024680
40 -357.836979 7.367041 -197.186775
40 -358.082508 7.534038 -197.331499
40 -358.676781 7.534038 -197.382259
40 -359.079157 7.803685 -197.408004
40 -359.124897 7.829899 -197.041398
40 -359.209272 7.829899 -196.669080
40 -359.130326 7.774278 -196.397141
40 -359.025864 7.774278 -196.113995
40 -358.908067 7.693035 -195.871598
40 -358.744487 7.693035 -195.616496
40 -358.613447 7.602987 -195.384195
40 -358.429541 7.602987 -195.138889
40 -358.285303 7.504074 -194.916681
40 -358.081082 7.504074 -194.681228
40 -357.930593 7.400873 -194.463834
40 -357.716600 7.400872 -194.233277
40 -357.561116 7.294184 -194.019749
40 -357.339244 7.294184 -193.793217
40 -357.179970 7.184790 -193.582647
40 -356.952040 7.184789 -193.359297
40 -356.789874 7.073271 -193.151004
40 -356.557247 7.073271 -192.930206
40 -356.371722 6.945676 -192.739918
40 -347.407670 19.746422 -192.564790
40 -347.536131 19.835112 -192.793102
40 -347.660115 19.920955 -193.030608
40 -347.788576 20.009646 -193.258920
40 -347.912559 20.095488 -193.496425
40 -348.041020 20.184178 -193.724737
40 -348.165003 20.270022 -193.962242
40 -348.293464 20.358713 -194.190554
40 -348.417448 20.444555 -194.428059
40 -348.530939 20.523231 -194.668685
40 -348.639352 20.598653 -194.918085
40 -348.739460 20.668478 -195.169678
40 -348.833954 20.734686 -195.429674
40 -348.603460 20.585043 -195.952538
40 -348.354124 20.422819 -196.474584
40 -348.500299 20.524183 -196.688007
40 -348.642721 20.623190 -196.911128
40 -348.888046 20.789861 -197.043394
40 -349.133575 20.956857 -197.188118
40 -349.529738 21.222108 -197.197218
40 -349.932114 21.491756 -197.222963
40 -349.977854 21.517970 -196.856357
40 -350.012600 21.536920 -196.494401
40 -349.933654 21.481299 -196.222462
40 -349.848492 21.421652 -195.958505
40 -349.730696 21.340409 -195.716108
40 -349.608175 21.256150 -195.482732
40 -349.477135 21.166102 -195.250430
40 -349.341880 21.073385 -195.027505
40 -349.197642 20.974473 -194.805297
40 -349.049698 20.873235 -194.592821
40 -348.899209 20.770033 -194.375427
40 -348.745258 20.664671 -194.167933
40 -348.589774 20.557983 -193.954406
40 -348.431022 20.449267 -193.750916
40 -348.271748 20.339872 -193.540346
40 -348.109356 20.228551 -193.339916
40 -347.947190 20.117033 -193.131623
40 -347.782020 20.003666 -192.933552
40 -347.596495 19.876071 -192.743264
40 -339.453642 31.458236 -192.589563
40 -339.582103 31.546926 -192.817875
40 -339.715042 31.638465 -193.036994
40 -339.843503 31.727155 -193.265306
40 -339.976442 31.818694 -193.484424
40 -340.104903 31.907385 -193.712736
40 -340.237841 31.998923 -193.931855
40 -340.366302 32.087614 -194.160166
40 -340.499241 32.179153 -194.379285
40 -340.612733 32.257828 -194.619910
40 -340.731302 32.339760 -194.851760
40 -340.831410 32.409585 -195.103354
40 -340.937130 32.483027 -195.346545
40 -340.706636 32.333385 -195.869409
40 -340.494982 32.196323 -196.393091
40 -340.641157 32.297687 -196.606514
40 -340.791084 32.401406 -196.810237
40 -341.036408 32.568077 -196.942503
40 -341.281527 32.734422 -197.062311
40 -341.677690 32.999672 -197.071412
40 -342.067641 33.260527 -197.063868
40 -342.091392 33.272213 -196.706564
40 -342.126137 33.291163 -196.344608
40 -342.034759 33.227490 -196.088633
40 -341.949598 33.167844 -195.824676
40 -341.822352 33.080571 -195.600322
40 -341.699831 32.996312 -195.366946
40 -341.560362 32.900924 -195.153397
40 -341.425107 32.808207 -194.930472
40 -341.273457 32.704646 -194.727728
40 -341.125513 32.603409 -194.515252
40 -340.968100 32.495887 -194.317660
40 -340.814149 32.390525 -194.110166
40 -340.652130 32.279781 -193.916713
40 -340.493379 32.171065 -193.713223
40 -340.327868 32.057817 -193.522935
40 -340.165476 31.946497 -193.322505
40 -339.997303 31.831281 -193.134655
40 -339.832133 31.717914 -192.936583
40 -339.642419 31.587853 -192.768003
40 -331.499613 43.170050 -192.614336
40 -331.637030 43.264436 -192.824261
40 -331.769969 43.355975 -193.043380
40 -331.907385 43.450361 -193.253305
40 -332.040324 43.541900 -193.472423
40 -332.177741 43.636286 -193.682349
40 -332.310680 43.727825 -193.901467
40 -332.448096 43.822211 -194.111392
40 -332.581035 43.913749 -194.330511
40 -332.704683 43.998935 -194.553586
40 -332.823252 44.080867 -194.785436
40 -332.934586 44.157926 -195.020225
40 -333.040306 44.231369 -195.263417
40 -332.847494 44.106889 -195.787916
40 -332.635840 43.969827 -196.311598
40 -332.789519 44.075903 -196.505622
40 -332.939446 44.179622 -196.709345
40 -333.184359 44.345641 -196.816696
40 -333.429478 44.511986 -196.936504
40 -333.813217 44.768444 -196.912317
40 -334.203168 45.029299 -196.904773
40 -334.226919 45.040985 -196.547469
40 -334.239675 45.045406 -196.194815
40 -334.148297 44.981733 -195.938840
40 -334.050703 44.914035 -195.690847
40 -333.923458 44.826762 -195.466493
40 -333.791488 44.736473 -195.251160
40 -333.652018 44.641086 -195.037611
40 -333.508333 44.543029 -194.833440
40 -333.356684 44.439467 -194.630696
40 -333.201329 44.333581 -194.437683
40 -333.043916 44.226060 -194.240091
40 -332.883039 44.116378 -194.052399
40 -332.721021 44.005635 -193.858946
40 -332.555735 43.892864 -193.675530
40 -332.390225 43.779616 -193.485242
40 -332.221596 43.664442 -193.305094
40 -332.053423 43.549226 -193.117244
40 -331.882247 43.432161 -192.939614
40 -331.692532 43.302100 -192.771034
40 -323.545585 54.881864 -192.639108
40 -323.683001 54.976250 -192.849034
40 -323.824896 55.073485 -193.049766
40 -323.962312 55.167871 -193.259691
40 -324.104207 55.265106 -193.460422
40 -324.241624 55.359491 -193.670348
40 -324.383518 55.456726 -193.871080
40 -324.520935 55.551112 -194.081005
40 -324.662829 55.648346 -194.281737
40 -324.786477 55.733532 -194.504812
40 -324.915202 55.821973 -194.719112
40 -325.026536 55.899032 -194.953901
40 -325.143483 55.979710 -195.180289
40 -324.950670 55.855229 -195.704788
40 -324.776699 55.743331 -196.230104
40 -324.930378 55.849406 -196.424129
40 -325.087809 55.957838 -196.608454
40 -325.332722 56.123858 -196.715804
40 -325.577429 56.289551 -196.810698
40 -325.961169 56.546009 -196.786510
40 -326.338696 56.798071 -196.745678
40 -326.340456 56.795228 -196.397676
40 -326.353212 56.799650 -196.045022
40 -326.249403 56.727925 -195.805011
40 -326.151809 56.660227 -195.557018
40 -326.015115 56.566923 -195.350707
40 -325.883145 56.476635 -195.135374
40 -325.735245 56.375908 -194.940579
40 -325.591560 56.277851 -194.736407
40 -325.432500 56.169640 -194.553126
40 -325.277145 56.063755 -194.360114
40 -325.112806 55.951913 -194.182324
40 -324.951930 55.842232 -193.994632
40 -324.783377 55.727433 -193.821253
40 -324.618091 55.614662 -193.637837
40 -324.446344 55.497561 -193.467831
40 -324.277715 55.382386 -193.287683
40 -324.103536 55.263474 -193.120275
40 -323.932360 55.146409 -192.942645
40 -323.738456 55.013882 -192.795774
40 -315.591556 66.593678 -192.663881
40 -315.737928 66.693760 -192.855420
40 -315.879823 66.790995 -193.056152
40 -316.026195 66.891077 -193.247690
40 -316.168089 66.988311 -193.448422
40 -316.314462 67.088393 -193.639960
40 -316.456356 67.185627 -193.840692
40 -316.602728 67.285710 -194.032230
40 -316.744623 67.382944 -194.232962
40 -316.878427 67.474639 -194.438488
40 -317.007152 67.563079 -194.652788
40 -317.129712 67.647373 -194.870773
40 -317.246659 67.728050 -195.097160
40 -317.091529 67.628733 -195.623295
40 -316.917557 67.516835 -196.148611
40 -317.078740 67.627623 -196.323237
40 -317.236171 67.736055 -196.507562
40 -317.480673 67.901423 -196.589998
40 -317.725381 68.067115 -196.684891
40 -318.096696 68.314781 -196.627415
40 -318.474223 68.566842 -196.586583
40 -318.475983 68.564000 -196.238581
40 -318.466749 68.553893 -195.895229
40 -318.362940 68.482168 -195.655218
40 -318.252915 68.406419 -195.423189
40 -318.116220 68.313115 -195.216878
40 -317.974801 68.216796 -195.019588
40 -317.826901 68.116069 -194.824793
40 -317.674787 68.012673 -194.639374
40 -317.515727 67.904463 -194.456093
40 -317.352961 67.793928 -194.282544
40 -317.188622 67.682086 -194.104754
40 -317.020821 67.568085 -193.936865
40 -316.852268 67.453286 -193.763486
40 -316.680447 67.336460 -193.600144
40 -316.508700 67.219359 -193.430138
40 -316.333835 67.100332 -193.270273
40 -316.159656 66.981419 -193.102864
40 -315.982473 66.860657 -192.945677
40 -315.788569 66.728130 -192.798805
40 -307.637528 78.305493 -192.688654
40 -307.783900 78.405575 -192.880193
40 -307.934750 78.508505 -193.062538
40 -308.081122 78.608587 -193.254076
40 -308.231972 78.711517 -193.436421
40 -308.378344 78.811599 -193.627960
40 -308.529194 78.914529 -193.810305
40 -308.675566 79.014611 -194.001843
40 -308.826416 79.117541 -194.184188
40 -308.960220 79.209236 -194.389713
40 -309.099102 79.304186 -194.586464
40 -309.221662 79.388481 -194.804449
40 -309.349835 79.476391 -195.014032
40 -309.194705 79.377074 -195.540166
40 -309.058415 79.290339 -196.067118
40 -309.219598 79.401127 -196.241744
40 -309.384533 79.514271 -196.406671
40 -309.629035 79.679639 -196.489106
40 -309.873332 79.844680 -196.559084
40 -310.244647 80.092345 -196.501608
40 -310.609750 80.335614 -196.427488
40 -310.589521 80.318243 -196.088787
40 -310.580286 80.308135 -195.745436
40 -310.464045 80.228360 -195.521389
40 -310.354020 80.152610 -195.289360
40 -310.207877 80.053276 -195.101092
40 -310.066458 79.956958 -194.903802
40 -309.910128 79.850892 -194.727760
40 -309.758014 79.747496 -194.542342
40 -309.591543 79.634636 -194.378524
40 -309.428777 79.524101 -194.204975
40 -309.257513 79.407939 -194.046987
40 -309.089712 79.293938 -193.879098
40 -308.914624 79.175084 -193.725793
40 -308.742803 79.058258 -193.562451
40 -308.564820 78.937304 -193.412727
40 -308.389955 78.818277 -193.252862
40 -308.209769 78.695667 -193.105896
40 -308.032586 78.574905 -192.948708
40 -307.834493 78.439912 -192.823545
