


Program Version: FreeWake2015_beta
relaxed wake
steady aerodynamics
Ref. Area   : 6.000000
Aspect Ratio: 6.000000
Alpha       : 1.000000
Beta        : 0.000000
symmetrical geometry: 1
lifting surface after timestep: 1
elements in span direction: 30
elements in chord direction: 6
no. of wings: 1  first and last span indices of each wing:  0  29

 index               xo               yo               zo        Nlift_tot        NLift_ind           NY_tot              NYi                A                B                C              eta              xsi               nu          epsilon              psi            phiLE             phi0            phiTE	#
     0  -0.624923847578   0.150000000000  -0.008726203219   0.004509742296   0.000000770054   0.000000000000   0.000000000000   0.015031231144  -0.000052946770  -0.000176489234   0.150000000000   0.083333333333   0.000000000000   0.000000000000   0.000000000000   0.000000000000   0.000000000000   0.000000000000
     1  -0.624923847578   0.450000000000  -0.008726203219   0.004500087123   0.000000785997   0.000000000000   0.000000000000   0.014999111338  -0.000163530237  -0.000192122321   0.150000000000   0.083333333333   0.000000000000   0.000000000000   0.000000000000   0.000000000000   0.000000000000   0.000000000000
     2  -0.624923847578   0.750000000000  -0.008726203219   0.004479896424   0.000000819067   0.000000000000   0.000000000000   0.014931964395  -0.000289428467  -0.000227538444   0.150000000000   0.083333333333   0.000000000000   0.000000000000   0.000000000000   0.000000000000   0.000000000000   0.000000000000
     3  -0.624923847578   1.050000000000  -0.008726203219   0.004447164912   0.000000872205   0.000000000000   0.000000000000   0.014823176021  -0.000445703189  -0.000293377295   0.150000000000   0.083333333333   0.000000000000   0.000000000000   0.000000000000   0.000000000000   0.000000000000   0.000000000000
     4  -0.624923847578   1.350000000000  -0.008726203219   0.004398136351   0.000000951835   0.000000000000   0.000000000000   0.014660376813  -0.000657520159  -0.000412679273   0.150000000000   0.083333333333   0.000000000000   0.000000000000   0.000000000000   0.000000000000   0.000000000000   0.000000000000
     5  -0.624923847578   1.650000000000  -0.008726203219   0.004325868033   0.000001072770   0.000000000000   0.000000000000   0.014420804385  -0.000974130998  -0.000642690190   0.150000000000   0.083333333333   0.000000000000   0.000000000000   0.000000000000   0.000000000000   0.000000000000   0.000000000000
     6  -0.624923847578   1.950000000000  -0.008726203219   0.004217279791   0.000001273373   0.000000000000   0.000000000000   0.014061311920  -0.001485225757  -0.001060959006   0.150000000000   0.083333333333   0.000000000000   0.000000000000   0.000000000000   0.000000000000   0.000000000000   0.000000000000
     7  -0.624923847578   2.250000000000  -0.008726203219   0.004041937378   0.000001670031   0.000000000000   0.000000000000   0.013486700733  -0.002569229824  -0.002552387884   0.150000000000   0.083333333333   0.000000000000   0.000000000000   0.000000000000   0.000000000000   0.000000000000   0.000000000000
     8  -0.624923847578   2.550000000000  -0.008726203219   0.003771106066   0.000002720876   0.000000000000   0.000000000000   0.012556874375  -0.003158562571   0.000587945394   0.150000000000   0.083333333333   0.000000000000   0.000000000000   0.000000000000   0.000000000000   0.000000000000   0.000000000000
     9  -0.624923847578   2.850000000000  -0.008726203219   0.002767481607   0.000005821298   0.000000000000   0.000000000000   0.009816398751  -0.027416754506  -0.081448585179   0.150000000000   0.083333333333   0.000000000000   0.000000000000   0.000000000000   0.000000000000   0.000000000000   0.000000000000
    10  -0.458257180912   0.150000000000  -0.008726203219   0.001890121026  -0.000000772438   0.000000000000   0.000000000000   0.021334802151  -0.000076658588  -0.000255528627   0.150000000000   0.083333333333   0.000000000000   0.000000000000   0.000000000000   0.000000000000   0.000000000000   0.000000000000
    11  -0.458257180912   0.450000000000  -0.008726203219   0.001885785479  -0.000000762957   0.000000000000   0.000000000000   0.021288263004  -0.000237229023  -0.000279706156   0.150000000000   0.083333333333   0.000000000000   0.000000000000   0.000000000000   0.000000000000   0.000000000000   0.000000000000
    12  -0.458257180912   0.750000000000  -0.008726203219   0.001876628644  -0.000000744080   0.000000000000   0.000000000000   0.021190678735  -0.000421612823  -0.000334906512   0.150000000000   0.083333333333   0.000000000000   0.000000000000   0.000000000000   0.000000000000   0.000000000000   0.000000000000
    13  -0.458257180912   1.050000000000  -0.008726203219   0.001861522888  -0.000000713704   0.000000000000   0.000000000000   0.021031720423  -0.000653661784  -0.000438590022   0.150000000000   0.083333333333   0.000000000000   0.000000000000   0.000000000000   0.000000000000   0.000000000000   0.000000000000
    14  -0.458257180912   1.350000000000  -0.008726203219   0.001838286949  -0.000000667490   0.000000000000   0.000000000000   0.020791851654  -0.000974110889  -0.000629573663   0.150000000000   0.083333333333   0.000000000000   0.000000000000   0.000000000000   0.000000000000   0.000000000000   0.000000000000
    15  -0.458257180912   1.650000000000  -0.008726203219   0.001802798027  -0.000000596097   0.000000000000   0.000000000000   0.020434754008  -0.001461225085  -0.000994140325   0.150000000000   0.083333333333   0.000000000000   0.000000000000   0.000000000000   0.000000000000   0.000000000000   0.000000000000
    16  -0.458257180912   1.950000000000  -0.008726203219   0.001746706267  -0.000000477295   0.000000000000   0.000000000000   0.019890295454  -0.002279287938  -0.001732735852   0.150000000000   0.083333333333   0.000000000000   0.000000000000   0.000000000000   0.000000000000   0.000000000000   0.000000000000
    17  -0.458257180912   2.250000000000  -0.008726203219   0.001654229941  -0.000000246578   0.000000000000   0.000000000000   0.019009247016  -0.003869807178  -0.003568994947   0.150000000000   0.083333333333   0.000000000000   0.000000000000   0.000000000000   0.000000000000   0.000000000000   0.000000000000
    18  -0.458257180912   2.550000000000  -0.008726203219   0.001475244192   0.000000288530   0.000000000000   0.000000000000   0.017510201555  -0.006236454310  -0.004319828826   0.150000000000   0.083333333333   0.000000000000   0.000000000000   0.000000000000   0.000000000000   0.000000000000   0.000000000000
    19  -0.458257180912   2.850000000000  -0.008726203219   0.001138347167   0.000002330963   0.000000000000   0.000000000000   0.013581110486  -0.031086620689  -0.078514059106   0.150000000000   0.083333333333   0.000000000000   0.000000000000   0.000000000000   0.000000000000   0.000000000000   0.000000000000
    20  -0.291590514245   0.150000000000  -0.008726203219   0.001101527764  -0.000000433418   0.000000000000   0.000000000000   0.025008356703  -0.000090683116  -0.000302277054   0.150000000000   0.083333333333   0.000000000000   0.000000000000   0.000000000000   0.000000000000   0.000000000000   0.000000000000
    21  -0.291590514245   0.450000000000  -0.008726203219   0.001098954951  -0.000000428776   0.000000000000   0.000000000000   0.024953270240  -0.000281070596  -0.000332347879   0.150000000000   0.083333333333   0.000000000000   0.000000000000   0.000000000000   0.000000000000   0.000000000000   0.000000000000
    22  -0.291590514245   0.750000000000  -0.008726203219   0.001093473070  -0.000000419066   0.000000000000   0.000000000000   0.024837484437  -0.000501190188  -0.000401384092   0.150000000000   0.083333333333   0.000000000000   0.000000000000   0.000000000000   0.000000000000   0.000000000000   0.000000000000
    23  -0.291590514245   1.050000000000  -0.008726203219   0.001084288420  -0.000000403276   0.000000000000   0.000000000000   0.024648060977  -0.000781245118  -0.000532132342   0.150000000000   0.083333333333   0.000000000000   0.000000000000   0.000000000000   0.000000000000   0.000000000000   0.000000000000
    24  -0.291590514245   1.350000000000  -0.008726203219   0.001069838840  -0.000000379382   0.000000000000   0.000000000000   0.024360335071  -0.001173330651  -0.000774819435   0.150000000000   0.083333333333   0.000000000000   0.000000000000   0.000000000000   0.000000000000   0.000000000000   0.000000000000
    25  -0.291590514245   1.650000000000  -0.008726203219   0.001047097714  -0.000000343317   0.000000000000   0.000000000000   0.023928084934  -0.001778451552  -0.001242250234   0.150000000000   0.083333333333   0.000000000000   0.000000000000   0.000000000000   0.000000000000   0.000000000000   0.000000000000
    26  -0.291590514245   1.950000000000  -0.008726203219   0.001010045169  -0.000000286350   0.000000000000   0.000000000000   0.023261478145  -0.002807385727  -0.002187530349   0.150000000000   0.083333333333   0.000000000000   0.000000000000   0.000000000000   0.000000000000   0.000000000000   0.000000000000
    27  -0.291590514245   2.250000000000  -0.008726203219   0.000946404412  -0.000000187334   0.000000000000   0.000000000000   0.022171240062  -0.004801832384  -0.004460625176   0.150000000000   0.083333333333   0.000000000000   0.000000000000   0.000000000000   0.000000000000   0.000000000000   0.000000000000
    28  -0.291590514245   2.550000000000  -0.008726203219   0.000823087406   0.000000006253   0.000000000000   0.000000000000   0.020273454548  -0.008221934593  -0.006939715519   0.150000000000   0.083333333333   0.000000000000   0.000000000000   0.000000000000   0.000000000000   0.000000000000   0.000000000000
    29  -0.291590514245   2.850000000000  -0.008726203219   0.000667727604   0.000000672209   0.000000000000   0.000000000000   0.015746440611  -0.031530552726  -0.070755678256   0.150000000000   0.083333333333   0.000000000000   0.000000000000   0.000000000000   0.000000000000   0.000000000000   0.000000000000
    30  -0.124923847578   0.150000000000  -0.008726203219   0.000597664145  -0.000000227068   0.000000000000   0.000000000000   0.027001497973  -0.000097505565  -0.000325018548   0.150000000000   0.083333333333   0.000000000000   0.000000000000   0.000000000000   0.000000000000   0.000000000000   0.000000000000
    31  -0.124923847578   0.450000000000  -0.008726203219   0.000596407354  -0.000000224778   0.000000000000   0.000000000000   0.026942240440  -0.000302572618  -0.000358538295   0.150000000000   0.083333333333   0.000000000000   0.000000000000   0.000000000000   0.000000000000   0.000000000000   0.000000000000
    32  -0.124923847578   0.750000000000  -0.008726203219   0.000593695742  -0.000000219997   0.000000000000   0.000000000000   0.026817461717  -0.000540875468  -0.000435804541   0.150000000000   0.083333333333   0.000000000000   0.000000000000   0.000000000000   0.000000000000   0.000000000000   0.000000000000
    33  -0.124923847578   1.050000000000  -0.008726203219   0.000589054478  -0.000000212260   0.000000000000   0.000000000000   0.026612664902  -0.000846515069  -0.000582994128   0.150000000000   0.083333333333   0.000000000000   0.000000000000   0.000000000000   0.000000000000   0.000000000000   0.000000000000
    34  -0.124923847578   1.350000000000  -0.008726203219   0.000581528603  -0.000000200686   0.000000000000   0.000000000000   0.026300055735  -0.001278780549  -0.000857890808   0.150000000000   0.083333333333   0.000000000000   0.000000000000   0.000000000000   0.000000000000   0.000000000000   0.000000000000
    35  -0.124923847578   1.650000000000  -0.008726203219   0.000569233421  -0.000000183648   0.000000000000   0.000000000000   0.025827247199  -0.001953037683  -0.001389632971   0.150000000000   0.083333333333   0.000000000000   0.000000000000   0.000000000000   0.000000000000   0.000000000000   0.000000000000
    36  -0.124923847578   1.950000000000  -0.008726203219   0.000548388418  -0.000000158200   0.000000000000   0.000000000000   0.025092054213  -0.003109680314  -0.002465842467   0.150000000000   0.083333333333   0.000000000000   0.000000000000   0.000000000000   0.000000000000   0.000000000000   0.000000000000
    37  -0.124923847578   2.250000000000  -0.008726203219   0.000511360989  -0.000000119091   0.000000000000   0.000000000000   0.023880215668  -0.005349300843  -0.004999559294   0.150000000000   0.083333333333   0.000000000000   0.000000000000   0.000000000000   0.000000000000   0.000000000000   0.000000000000
    38  -0.124923847578   2.550000000000  -0.008726203219   0.000438578465  -0.000000060058   0.000000000000   0.000000000000   0.021747140109  -0.009393369350  -0.008480669063   0.150000000000   0.083333333333   0.000000000000   0.000000000000   0.000000000000   0.000000000000   0.000000000000   0.000000000000
    39  -0.124923847578   2.850000000000  -0.008726203219   0.000361497776   0.000000133512   0.000000000000   0.000000000000   0.016904411465  -0.031301205761  -0.064545452305   0.150000000000   0.083333333333   0.000000000000   0.000000000000   0.000000000000   0.000000000000   0.000000000000   0.000000000000
    40   0.041742819088   0.150000000000  -0.008726203219   0.000152603685  -0.000000056166   0.000000000000   0.000000000000   0.027510354583  -0.000097123164  -0.000323743881   0.150000000000   0.083333333333   0.000000000000   0.000000000000   0.000000000000   0.000000000000   0.000000000000   0.000000000000
    41   0.041742819088   0.450000000000  -0.008726203219   0.000152666640  -0.000000055768   0.000000000000   0.000000000000   0.027451310801  -0.000301634605  -0.000357960920   0.150000000000   0.083333333333   0.000000000000   0.000000000000   0.000000000000   0.000000000000   0.000000000000   0.000000000000
    42   0.041742819088   0.750000000000  -0.008726203219   0.000152750911  -0.000000054927   0.000000000000   0.000000000000   0.027326823996  -0.000540143709  -0.000437069430   0.150000000000   0.083333333333   0.000000000000   0.000000000000   0.000000000000   0.000000000000   0.000000000000   0.000000000000
    43   0.041742819088   1.050000000000  -0.008726203219   0.000152746260  -0.000000053543   0.000000000000   0.000000000000   0.027122038517  -0.000847800267  -0.000588452428   0.150000000000   0.083333333333   0.000000000000   0.000000000000   0.000000000000   0.000000000000   0.000000000000   0.000000000000
    44   0.041742819088   1.350000000000  -0.008726203219   0.000152401083  -0.000000051430   0.000000000000   0.000000000000   0.026808341921  -0.001286149015  -0.000872710066   0.150000000000   0.083333333333   0.000000000000   0.000000000000   0.000000000000   0.000000000000   0.000000000000   0.000000000000
    45   0.041742819088   1.650000000000  -0.008726203219   0.000151158975  -0.000000048276   0.000000000000   0.000000000000   0.026331534165  -0.001975363674  -0.001424672130   0.150000000000   0.083333333333   0.000000000000   0.000000000000   0.000000000000   0.000000000000   0.000000000000   0.000000000000
    46   0.041742819088   1.950000000000  -0.008726203219   0.000147780224  -0.000000043640   0.000000000000   0.000000000000   0.025585419881  -0.003167296148  -0.002548436116   0.150000000000   0.083333333333   0.000000000000   0.000000000000   0.000000000000   0.000000000000   0.000000000000   0.000000000000
    47   0.041742819088   2.250000000000  -0.008726203219   0.000139948349  -0.000000037396   0.000000000000   0.000000000000   0.024347806493  -0.005470561729  -0.005129115822   0.150000000000   0.083333333333   0.000000000000   0.000000000000   0.000000000000   0.000000000000   0.000000000000   0.000000000000
    48   0.041742819088   2.550000000000  -0.008726203219   0.000118606001  -0.000000031113   0.000000000000   0.000000000000   0.022149349767  -0.009823601668  -0.009381017308   0.150000000000   0.083333333333   0.000000000000   0.000000000000   0.000000000000   0.000000000000   0.000000000000   0.000000000000
    49   0.041742819088   2.850000000000  -0.008726203219   0.000103746300  -0.000000027107   0.000000000000   0.000000000000   0.017216936595  -0.030666093561  -0.060093955669   0.150000000000   0.083333333333   0.000000000000   0.000000000000   0.000000000000   0.000000000000   0.000000000000   0.000000000000
    50   0.208409485755   0.150000000000  -0.008726203219  -0.000388782277   0.000000139008   0.000000000000   0.000000000000   0.026213707980  -0.000087430239  -0.000291434130   0.150000000000   0.083333333333   0.000000000000   0.000000000000   0.000000000000   0.000000000000   0.000000000000   0.000000000000
    51   0.208409485755   0.450000000000  -0.008726203219  -0.000387013713   0.000000137413   0.000000000000   0.000000000000   0.026160543533  -0.000271708105  -0.000322825421   0.150000000000   0.083333333333   0.000000000000   0.000000000000   0.000000000000   0.000000000000   0.000000000000   0.000000000000
    52   0.208409485755   0.750000000000  -0.008726203219  -0.000383317992   0.000000134149   0.000000000000   0.000000000000   0.026048339225  -0.000487237873  -0.000395607142   0.150000000000   0.083333333333   0.000000000000   0.000000000000   0.000000000000   0.000000000000   0.000000000000   0.000000000000
    53   0.208409485755   1.050000000000  -0.008726203219  -0.000377339274   0.000000129070   0.000000000000   0.000000000000   0.025863414079  -0.000766590704  -0.000535568959   0.150000000000   0.083333333333   0.000000000000   0.000000000000   0.000000000000   0.000000000000   0.000000000000   0.000000000000
    54   0.208409485755   1.350000000000  -0.008726203219  -0.000368432582   0.000000121960   0.000000000000   0.000000000000   0.025579282583  -0.001167306460  -0.000800150228   0.150000000000   0.083333333333   0.000000000000   0.000000000000   0.000000000000   0.000000000000   0.000000000000   0.000000000000
    55   0.208409485755   1.650000000000  -0.008726203219  -0.000355484369   0.000000112618   0.000000000000   0.000000000000   0.025145414501  -0.001802898250  -0.001318489072   0.150000000000   0.083333333333   0.000000000000   0.000000000000   0.000000000000   0.000000000000   0.000000000000   0.000000000000
    56   0.208409485755   1.950000000000  -0.008726203219  -0.000336571896   0.000000101204   0.000000000000   0.000000000000   0.024461933960  -0.002913285682  -0.002382802370   0.150000000000   0.083333333333   0.000000000000   0.000000000000   0.000000000000   0.000000000000   0.000000000000   0.000000000000
    57   0.208409485755   2.250000000000  -0.008726203219  -0.000308236053   0.000000089588   0.000000000000   0.000000000000   0.023317966764  -0.005083357485  -0.004850770304   0.150000000000   0.083333333333   0.000000000000   0.000000000000   0.000000000000   0.000000000000   0.000000000000   0.000000000000
    58   0.208409485755   2.550000000000  -0.008726203219  -0.000265548608   0.000000089244   0.000000000000   0.000000000000   0.021261532605  -0.009258587481  -0.009066663016   0.150000000000   0.083333333333   0.000000000000   0.000000000000   0.000000000000   0.000000000000   0.000000000000   0.000000000000
    59   0.208409485755   2.850000000000  -0.008726203219  -0.000185255317   0.000000141175   0.000000000000   0.000000000000   0.016579171868  -0.029215716239  -0.057457099512   0.150000000000   0.083333333333   0.000000000000   0.000000000000   0.000000000000   0.000000000000   0.000000000000   0.000000000000
    60  -0.774923847578   3.000000000000   0.051273796781   0.000015078562   0.000015078562  -0.000216669897  -0.000010735816   0.001423511958  -0.029741351632   0.184249820236   0.060000000000   0.083333333333  90.000000000000   0.000000000000   0.000000000000 -68.198590513648 -68.198590513648 -68.198590513648
    61  -1.074923847578   3.000000000000   0.171273796781  -0.000000094311  -0.000000094311   0.000008819373   0.000000091480  -0.000091164460  -0.005485115914   0.017885477410   0.060000000000   0.083333333333  90.000000000000   0.000000000000   0.000000000000 -68.198590513648 -68.198590513648 -68.198590513648
    62  -1.374923847578   3.000000000000   0.291273796781  -0.000001028516  -0.000001028516   0.000068284633   0.000000973939  -0.000542216640  -0.002872239484   0.003888492841   0.060000000000   0.083333333333  90.000000000000   0.000000000000   0.000000000000 -68.198590513648 -68.198590513648 -68.198590513648
    63  -1.674923847578   3.000000000000   0.411273796781  -0.000001834477  -0.000001834477   0.000108029704   0.000001400220  -0.000849888319  -0.002572242481  -0.001388517817   0.060000000000   0.083333333333  90.000000000000   0.000000000000   0.000000000000 -68.198590513648 -68.198590513648 -68.198590513648
    64  -1.974923847578   3.000000000000   0.531273796781  -0.000003181960  -0.000003181960   0.000151783352   0.000001834440  -0.001191519465  -0.003337733133  -0.004990570947   0.060000000000   0.083333333333  90.000000000000   0.000000000000   0.000000000000 -68.198590513648 -68.198590513648 -68.198590513648
    65  -2.274923847578   3.000000000000   0.651273796781  -0.000005924428  -0.000005924428   0.000214017223   0.000002452415  -0.001678670901  -0.005027444786  -0.009090359499   0.060000000000   0.083333333333  90.000000000000   0.000000000000   0.000000000000 -68.198590513648 -68.198590513648 -68.198590513648
    66  -2.574923847578   3.000000000000   0.771273796781  -0.000011705765  -0.000011705765   0.000308388577   0.000003227494  -0.002422821983  -0.007541015432  -0.011856062551   0.060000000000   0.083333333333  90.000000000000   0.000000000000   0.000000000000 -68.198590513648 -68.198590513648 -68.198590513648
    67  -2.874923847578   3.000000000000   0.891273796781  -0.000021111197  -0.000021111197   0.000436859940   0.000003565708  -0.003459198117  -0.009077369822  -0.000946890692   0.060000000000   0.083333333333  90.000000000000   0.000000000000   0.000000000000 -68.198590513648 -68.198590513648 -68.198590513648
    68  -3.174923847578   3.000000000000   1.011273796781  -0.000027930244  -0.000027930244   0.000561248058   0.000004004189  -0.004477334383  -0.006478512287   0.022604036810   0.060000000000   0.083333333333  90.000000000000   0.000000000000   0.000000000000 -68.198590513648 -68.198590513648 -68.198590513648
    69  -3.474923847578   3.000000000000   1.131273796781  -0.000040120853  -0.000040120853   0.000691307843   0.000001238629  -0.005385883345  -0.016274397388  -0.104236412648   0.060000000000   0.083333333333  90.000000000000   0.000000000000   0.000000000000 -68.198590513648 -68.198590513648 -68.198590513648
    70  -0.608257180912   3.000000000000   0.051273796781  -0.000000288115  -0.000000288115  -0.000346052366  -0.000006591737   0.004234960841  -0.042578835322   0.100516692492   0.060000000000   0.083333333333  90.000000000000   0.000000000000   0.000000000000 -68.198590513648 -68.198590513648 -68.198590513648
    71  -0.908257180912   3.000000000000   0.171273796781   0.000000461558   0.000000461558  -0.000096380907  -0.000000905972   0.000572348639  -0.018474573628   0.100352154960   0.060000000000   0.083333333333  90.000000000000   0.000000000000   0.000000000000 -68.198590513648 -68.198590513648 -68.198590513648
    72  -1.208257180912   3.000000000000   0.291273796781   0.000000007667   0.000000007667  -0.000003449381  -0.000000020641  -0.000522825353  -0.005166596048   0.010547658206   0.060000000000   0.083333333333  90.000000000000   0.000000000000   0.000000000000 -68.198590513648 -68.198590513648 -68.198590513648
    73  -1.508257180912   3.000000000000   0.411273796781  -0.000000059603  -0.000000059603   0.000021679056   0.000000050463  -0.001025437656  -0.003785393238   0.000962365213   0.060000000000   0.083333333333  90.000000000000   0.000000000000   0.000000000000 -68.198590513648 -68.198590513648 -68.198590513648
    74  -1.808257180912   3.000000000000   0.531273796781  -0.000000100083  -0.000000100083   0.000037232257   0.000000065541  -0.001488066987  -0.004295765664  -0.005215468763   0.060000000000   0.083333333333  90.000000000000   0.000000000000   0.000000000000 -68.198590513648 -68.198590513648 -68.198590513648
    75  -2.108257180912   3.000000000000   0.651273796781  -0.000000119932  -0.000000119932   0.000053163247   0.000000086160  -0.002100065476  -0.006260940145  -0.011160985253   0.060000000000   0.083333333333  90.000000000000   0.000000000000   0.000000000000 -68.198590513648 -68.198590513648 -68.198590513648
    76  -2.408257180912   3.000000000000   0.771273796781  -0.000000106669  -0.000000106669   0.000078151794   0.000000128364  -0.003038093812  -0.009806154294  -0.018382465987   0.060000000000   0.083333333333  90.000000000000   0.000000000000   0.000000000000 -68.198590513648 -68.198590513648 -68.198590513648
    77  -2.708257180912   3.000000000000   0.891273796781  -0.000000080497  -0.000000080497   0.000128508925   0.000000069147  -0.004467891954  -0.013829683353  -0.015146942837   0.060000000000   0.083333333333  90.000000000000   0.000000000000   0.000000000000 -68.198590513648 -68.198590513648 -68.198590513648
    78  -3.008257180912   3.000000000000   1.011273796781  -0.000000329863  -0.000000329863   0.000218435220   0.000000014861  -0.006218663764  -0.013234743983   0.020104770920   0.060000000000   0.083333333333  90.000000000000   0.000000000000   0.000000000000 -68.198590513648 -68.198590513648 -68.198590513648
    79  -3.308257180912   3.000000000000   1.131273796781   0.000009554451   0.000009554451   0.000328864549   0.000005617399  -0.007966765561  -0.023390972976  -0.104740012528   0.060000000000   0.083333333333  90.000000000000   0.000000000000   0.000000000000 -68.198590513648 -68.198590513648 -68.198590513648
    80  -0.441590514245   3.000000000000   0.051273796781   0.000000824707   0.000000824707  -0.000277977974  -0.000005999630   0.006460576803  -0.046052015081   0.055877009343   0.060000000000   0.083333333333  90.000000000000   0.000000000000   0.000000000000 -68.198590513648 -68.198590513648 -68.198590513648
    81  -0.741590514245   3.000000000000   0.171273796781   0.000000599519   0.000000599519  -0.000167256793  -0.000001762332   0.001895272531  -0.027431246072   0.099296065737   0.060000000000   0.083333333333  90.000000000000   0.000000000000   0.000000000000 -68.198590513648 -68.198590513648 -68.198590513648
    82  -1.041590514245   3.000000000000   0.291273796781   0.000000149359   0.000000149359  -0.000048756400  -0.000000310484  -0.000173475270  -0.010495577599   0.041834504868   0.060000000000   0.083333333333  90.000000000000   0.000000000000   0.000000000000 -68.198590513648 -68.198590513648 -68.198590513648
    83  -1.341590514245   3.000000000000   0.411273796781   0.000000025474   0.000000025474  -0.000008359028  -0.000000030470  -0.000963610521  -0.004891390081   0.004867057787   0.060000000000   0.083333333333  90.000000000000   0.000000000000   0.000000000000 -68.198590513648 -68.198590513648 -68.198590513648
    84  -1.641590514245   3.000000000000   0.531273796781  -0.000000007256  -0.000000007256   0.000002489232   0.000000005019  -0.001510126829  -0.004711133870  -0.003364922698   0.060000000000   0.083333333333  90.000000000000   0.000000000000   0.000000000000 -68.198590513648 -68.198590513648 -68.198590513648
    85  -1.941590514245   3.000000000000   0.651273796781  -0.000000018300  -0.000000018300   0.000006254952   0.000000012584  -0.002150434178  -0.006402595255  -0.010730588841   0.060000000000   0.083333333333  90.000000000000   0.000000000000   0.000000000000 -68.198590513648 -68.198590513648 -68.198590513648
    86  -2.241590514245   3.000000000000   0.771273796781  -0.000000019411  -0.000000019411   0.000008711541   0.000000020888  -0.003105826935  -0.010063298131  -0.019775268459   0.060000000000   0.083333333333  90.000000000000   0.000000000000   0.000000000000 -68.198590513648 -68.198590513648 -68.198590513648
    87  -2.541590514245   3.000000000000   0.891273796781  -0.000000019158  -0.000000019158   0.000022722993   0.000000068697  -0.004631989852  -0.015936138421  -0.029165067293   0.060000000000   0.083333333333  90.000000000000   0.000000000000   0.000000000000 -68.198590513648 -68.198590513648 -68.198590513648
    88  -2.841590514245   3.000000000000   1.011273796781  -0.000000126156  -0.000000126156   0.000081867493   0.000000202210  -0.006849871639  -0.019121361480   0.002621541804   0.060000000000   0.083333333333  90.000000000000   0.000000000000   0.000000000000 -68.198590513648 -68.198590513648 -68.198590513648
    89  -3.141590514245   3.000000000000   1.131273796781   0.000003072824   0.000003072824   0.000186227000   0.000003125956  -0.009445069262  -0.029771673033  -0.091374138082   0.060000000000   0.083333333333  90.000000000000   0.000000000000   0.000000000000 -68.198590513648 -68.198590513648 -68.198590513648
    90  -0.274923847578   3.000000000000   0.051273796781   0.000001095551   0.000001095551  -0.000185986906  -0.000003502021   0.007917996725  -0.043967198524   0.055813691068   0.060000000000   0.083333333333  90.000000000000   0.000000000000   0.000000000000 -68.198590513648 -68.198590513648 -68.198590513648
    91  -0.574923847578   3.000000000000   0.171273796781   0.000000454970   0.000000454970  -0.000186868096  -0.000001508295   0.003432228546  -0.031019296242   0.052085494612   0.060000000000   0.083333333333  90.000000000000   0.000000000000   0.000000000000 -68.198590513648 -68.198590513648 -68.198590513648
    92  -0.874923847578   3.000000000000   0.291273796781   0.000000336374   0.000000336374  -0.000090200476  -0.000000644358   0.000512057290  -0.016781671846   0.066561375359   0.060000000000   0.083333333333  90.000000000000   0.000000000000   0.000000000000 -68.198590513648 -68.198590513648 -68.198590513648
    93  -1.174923847578   3.000000000000   0.411273796781   0.000000102180   0.000000102180  -0.000031751482  -0.000000136674  -0.000724688218  -0.006854564816   0.016164516552   0.060000000000   0.083333333333  90.000000000000   0.000000000000   0.000000000000 -68.198590513648 -68.198590513648 -68.198590513648
    94  -1.474923847578   3.000000000000   0.531273796781   0.000000060607   0.000000060607  -0.000017503694  -0.000000049596  -0.001374245629  -0.004967703227  -0.000440669974   0.060000000000   0.083333333333  90.000000000000   0.000000000000   0.000000000000 -68.198590513648 -68.198590513648 -68.198590513648
    95  -1.774923847578   3.000000000000   0.651273796781   0.000000064662   0.000000064662  -0.000018395438  -0.000000044215  -0.002006349342  -0.006061253306  -0.008672247353   0.060000000000   0.083333333333  90.000000000000   0.000000000000   0.000000000000 -68.198590513648 -68.198590513648 -68.198590513648
    96  -2.074923847578   3.000000000000   0.771273796781   0.000000082648   0.000000082648  -0.000026819042  -0.000000073832  -0.002893815351  -0.009317100993  -0.018459816699   0.060000000000   0.083333333333  90.000000000000   0.000000000000   0.000000000000 -68.198590513648 -68.198590513648 -68.198590513648
    97  -2.374923847578   3.000000000000   0.891273796781   0.000000065396   0.000000065396  -0.000037253196  -0.000000151528  -0.004330825884  -0.015518692113  -0.033220109306   0.060000000000   0.083333333333  90.000000000000   0.000000000000   0.000000000000 -68.198590513648 -68.198590513648 -68.198590513648
    98  -2.674923847578   3.000000000000   1.011273796781  -0.000000006447  -0.000000006447  -0.000020268312  -0.000000098450  -0.006652196858  -0.022850129899  -0.027875205580   0.060000000000   0.083333333333  90.000000000000   0.000000000000   0.000000000000 -68.198590513648 -68.198590513648 -68.198590513648
    99  -2.974923847578   3.000000000000   1.131273796781   0.000001189769   0.000001189769   0.000067214331   0.000001530384  -0.009983274142  -0.035795470434  -0.080002632206   0.060000000000   0.083333333333  90.000000000000   0.000000000000   0.000000000000 -68.198590513648 -68.198590513648 -68.198590513648
   100  -0.108257180912   3.000000000000   0.051273796781   0.000000656060   0.000000656060  -0.000088807068  -0.000001424154   0.008597929822  -0.040205010964   0.070743910817   0.060000000000   0.083333333333  90.000000000000   0.000000000000   0.000000000000 -68.198590513648 -68.198590513648 -68.198590513648
   101  -0.408257180912   3.000000000000   0.171273796781   0.000000421373   0.000000421373  -0.000140363833  -0.000000713319   0.004591837075  -0.029899930598   0.015131758893   0.060000000000   0.083333333333  90.000000000000   0.000000000000   0.000000000000 -68.198590513648 -68.198590513648 -68.198590513648
   102  -0.708257180912   3.000000000000   0.291273796781   0.000000390317   0.000000390317  -0.000109621603  -0.000000696539   0.001388180768  -0.020720373906   0.061364546878   0.060000000000   0.083333333333  90.000000000000   0.000000000000   0.000000000000 -68.198590513648 -68.198590513648 -68.198590513648
   103  -1.008257180912   3.000000000000   0.411273796781   0.000000189245   0.000000189245  -0.000052871094  -0.000000265449  -0.000322764090  -0.009597864806   0.031323028951   0.060000000000   0.083333333333  90.000000000000   0.000000000000   0.000000000000 -68.198590513648 -68.198590513648 -68.198590513648
   104  -1.308257180912   3.000000000000   0.531273796781   0.000000121676   0.000000121676  -0.000032572457  -0.000000109601  -0.001120696716  -0.005321686727   0.004311788374   0.060000000000   0.083333333333  90.000000000000   0.000000000000   0.000000000000 -68.198590513648 -68.198590513648 -68.198590513648
   105  -1.608257180912   3.000000000000   0.651273796781   0.000000140191   0.000000140191  -0.000034821476  -0.000000096548  -0.001732762226  -0.005471952693  -0.005564004754   0.060000000000   0.083333333333  90.000000000000   0.000000000000   0.000000000000 -68.198590513648 -68.198590513648 -68.198590513648
   106  -1.908257180912   3.000000000000   0.771273796781   0.000000194211   0.000000194211  -0.000049072107  -0.000000148590  -0.002506315939  -0.008033904545  -0.015785594016   0.060000000000   0.083333333333  90.000000000000   0.000000000000   0.000000000000 -68.198590513648 -68.198590513648 -68.198590513648
   107  -2.208257180912   3.000000000000   0.891273796781   0.000000218308   0.000000218308  -0.000073808873  -0.000000335530  -0.003748160218  -0.013504553106  -0.029803143987   0.060000000000   0.083333333333  90.000000000000   0.000000000000   0.000000000000 -68.198590513648 -68.198590513648 -68.198590513648
   108  -2.508257180912   3.000000000000   1.011273796781   0.000000138700   0.000000138700  -0.000094654115  -0.000000764574  -0.005874521474  -0.023212294646  -0.051094702184   0.060000000000   0.083333333333  90.000000000000   0.000000000000   0.000000000000 -68.198590513648 -68.198590513648 -68.198590513648
   109  -2.808257180912   3.000000000000   1.131273796781  -0.000000160495  -0.000000160495  -0.000056114200  -0.000000959137  -0.009532057175  -0.040018244244  -0.088954877798   0.060000000000   0.083333333333  90.000000000000   0.000000000000   0.000000000000 -68.198590513648 -68.198590513648 -68.198590513648
   110   0.058409485755   3.000000000000   0.051273796781  -0.000000546725  -0.000000546725   0.000018741898   0.000000593591   0.008432630869  -0.035927114698   0.087714428291   0.060000000000   0.083333333333  90.000000000000   0.000000000000   0.000000000000 -68.198590513648 -68.198590513648 -68.198590513648
   111  -0.241590514245   3.000000000000   0.171273796781   0.000000211997   0.000000211997  -0.000056020675  -0.000000138669   0.005059379407  -0.025711834095  -0.002587089933   0.060000000000   0.083333333333  90.000000000000   0.000000000000   0.000000000000 -68.198590513648 -68.198590513648 -68.198590513648
   112  -0.541590514245   3.000000000000   0.291273796781   0.000000309178   0.000000309178  -0.000085967355  -0.000000369434   0.002095564015  -0.021037442528   0.041540352988   0.060000000000   0.083333333333  90.000000000000   0.000000000000   0.000000000000 -68.198590513648 -68.198590513648 -68.198590513648
   113  -0.841590514245   3.000000000000   0.411273796781   0.000000236992   0.000000236992  -0.000061536778  -0.000000313363   0.000157746927  -0.011451260096   0.038344500609   0.060000000000   0.083333333333  90.000000000000   0.000000000000   0.000000000000 -68.198590513648 -68.198590513648 -68.198590513648
   114  -1.141590514245   3.000000000000   0.531273796781   0.000000183851   0.000000183851  -0.000045542610  -0.000000175837  -0.000765484900  -0.005623294066   0.010221882974   0.060000000000   0.083333333333  90.000000000000   0.000000000000   0.000000000000 -68.198590513648 -68.198590513648 -68.198590513648
   115  -1.441590514245   3.000000000000   0.651273796781   0.000000225955   0.000000225955  -0.000050112842  -0.000000157769  -0.001337840290  -0.004661882733  -0.002210121866   0.060000000000   0.083333333333  90.000000000000   0.000000000000   0.000000000000 -68.198590513648 -68.198590513648 -68.198590513648
   116  -1.741590514245   3.000000000000   0.771273796781   0.000000335389   0.000000335389  -0.000069305780  -0.000000228407  -0.001960483371  -0.006238691904  -0.010929954555   0.060000000000   0.083333333333  90.000000000000   0.000000000000   0.000000000000 -68.198590513648 -68.198590513648 -68.198590513648
   117  -2.041590514245   3.000000000000   0.891273796781   0.000000463131   0.000000463131  -0.000104426173  -0.000000485210  -0.002922172679  -0.010717045456  -0.026389658380   0.060000000000   0.083333333333  90.000000000000   0.000000000000   0.000000000000 -68.198590513648 -68.198590513648 -68.198590513648
   118  -2.341590514245   3.000000000000   1.011273796781   0.000000411483   0.000000411483  -0.000155674204  -0.000001464073  -0.004651528911  -0.019160553376  -0.043972907620   0.060000000000   0.083333333333  90.000000000000   0.000000000000   0.000000000000 -68.198590513648 -68.198590513648 -68.198590513648
   119  -2.641590514245   3.000000000000   1.131273796781  -0.000000268792  -0.000000268792  -0.000201251949  -0.000005004465  -0.007910087795  -0.040583471509  -0.134551410150   0.060000000000   0.083333333333  90.000000000000   0.000000000000   0.000000000000 -68.198590513648 -68.198590513648 -68.198590513648
   120  -3.624923847578   2.850000000000   1.191273796781   0.002997281173  -0.000006970332   0.000000000000  -0.000000000000  -0.010274382090  -0.018374350635   0.034694720902   0.150000000000   0.083333333333 180.000000000000   0.000000000000  -0.000000000000   0.000000000000   0.000000000000   0.000000000000
   121  -3.624923847578   2.550000000000   1.191273796781   0.003976260819  -0.000000767513   0.000000000000  -0.000000000000  -0.013303769237  -0.006085609265   0.006267750332   0.150000000000   0.083333333333 180.000000000000   0.000000000000  -0.000000000000   0.000000000000   0.000000000000   0.000000000000
   122  -3.624923847578   2.250000000000   1.191273796781   0.004386359121   0.000000360617   0.000000000000  -0.000000000000  -0.014641590977  -0.003341445608   0.002879461858   0.150000000000   0.083333333333 180.000000000000   0.000000000000  -0.000000000000   0.000000000000   0.000000000000   0.000000000000
   123  -3.624923847578   1.950000000000   1.191273796781   0.004622376176   0.000000998328   0.000000000000   0.000000000000  -0.015415859866  -0.002026925478   0.001502271909   0.150000000000   0.083333333333 180.000000000000   0.000000000000  -0.000000000000   0.000000000000   0.000000000000   0.000000000000
   124  -3.624923847578   1.650000000000   1.191273796781   0.004770072673   0.000001408617   0.000000000000   0.000000000000  -0.015902293679  -0.001306370887   0.000899576726   0.150000000000   0.083333333333 180.000000000000   0.000000000000  -0.000000000000   0.000000000000   0.000000000000   0.000000000000
   125  -3.624923847578   1.350000000000   1.191273796781   0.004866512620   0.000001688628   0.000000000000   0.000000000000  -0.016220430860  -0.000862462446   0.000580118079   0.150000000000   0.083333333333 180.000000000000   0.000000000000  -0.000000000000   0.000000000000   0.000000000000   0.000000000000
   126  -3.624923847578   1.050000000000   1.191273796781   0.004930286863   0.000001883531   0.000000000000   0.000000000000  -0.016431011236  -0.000568421861   0.000400017205   0.150000000000   0.083333333333 180.000000000000   0.000000000000  -0.000000000000   0.000000000000   0.000000000000   0.000000000000
   127  -3.624923847578   0.750000000000   1.191273796781   0.004971712805   0.000002016387   0.000000000000   0.000000000000  -0.016567875204  -0.000359597641   0.000296063527   0.150000000000   0.083333333333 180.000000000000   0.000000000000  -0.000000000000   0.000000000000   0.000000000000   0.000000000000
   128  -3.624923847578   0.450000000000   1.191273796781   0.004996684017   0.000002099597   0.000000000000   0.000000000000  -0.016650403601  -0.000199223831   0.000238515842   0.150000000000   0.083333333333 180.000000000000   0.000000000000  -0.000000000000   0.000000000000   0.000000000000   0.000000000000
   129  -3.624923847578   0.150000000000   1.191273796781   0.005008445999   0.000002139756   0.000000000000   0.000000000000  -0.016689283341  -0.000063834539   0.000212781797   0.150000000000   0.083333333333 180.000000000000   0.000000000000  -0.000000000000   0.000000000000   0.000000000000   0.000000000000
   130  -3.458257180912   2.850000000000   1.191273796781   0.001179075236  -0.000002071557   0.000000000000  -0.000000000000  -0.014248809285  -0.024060509519   0.039664216534   0.150000000000   0.083333333333 180.000000000000   0.000000000000  -0.000000000000   0.000000000000   0.000000000000   0.000000000000
   131  -3.458257180912   2.550000000000   1.191273796781   0.001571373084  -0.000000939520   0.000000000000  -0.000000000000  -0.018570759224  -0.009243000556   0.009727480011   0.150000000000   0.083333333333 180.000000000000   0.000000000000  -0.000000000000   0.000000000000   0.000000000000   0.000000000000
   132  -3.458257180912   2.250000000000   1.191273796781   0.001780652155  -0.000000529214   0.000000000000   0.000000000000  -0.020589713305  -0.005026874076   0.004326274923   0.150000000000   0.083333333333 180.000000000000   0.000000000000  -0.000000000000   0.000000000000   0.000000000000   0.000000000000
   133  -3.458257180912   1.950000000000   1.191273796781   0.001899305236  -0.000000335141   0.000000000000   0.000000000000  -0.021753983556  -0.003038746071   0.002300818426   0.150000000000   0.083333333333 180.000000000000   0.000000000000  -0.000000000000   0.000000000000   0.000000000000   0.000000000000
   134  -3.458257180912   1.650000000000   1.191273796781   0.001971955628  -0.000000224442   0.000000000000   0.000000000000  -0.022479685850  -0.001940283427   0.001360723722   0.150000000000   0.083333333333 180.000000000000   0.000000000000  -0.000000000000   0.000000000000   0.000000000000   0.000000000000
   135  -3.458257180912   1.350000000000   1.191273796781   0.002018177229  -0.000000154293   0.000000000000   0.000000000000  -0.022950369293  -0.001271363203   0.000869010359   0.150000000000   0.083333333333 180.000000000000   0.000000000000  -0.000000000000   0.000000000000   0.000000000000   0.000000000000
   136  -3.458257180912   1.050000000000   1.191273796781   0.002048088971  -0.000000107697   0.000000000000   0.000000000000  -0.023259780014  -0.000832792879   0.000592890718   0.150000000000   0.083333333333 180.000000000000   0.000000000000  -0.000000000000   0.000000000000   0.000000000000   0.000000000000
   137  -3.458257180912   0.750000000000   1.191273796781   0.002067193023  -0.000000076978   0.000000000000   0.000000000000  -0.023459815486  -0.000524495417   0.000434767488   0.150000000000   0.083333333333 180.000000000000   0.000000000000  -0.000000000000   0.000000000000   0.000000000000   0.000000000000
   138  -3.458257180912   0.450000000000   1.191273796781   0.002078572506  -0.000000058403   0.000000000000   0.000000000000  -0.023579992648  -0.000289736411   0.000347762532   0.150000000000   0.083333333333 180.000000000000   0.000000000000  -0.000000000000   0.000000000000   0.000000000000   0.000000000000
   139  -3.458257180912   0.150000000000   1.191273796781   0.002083894372  -0.000000050150   0.000000000000   0.000000000000  -0.023636486814  -0.000092703826   0.000309012753   0.150000000000   0.083333333333 180.000000000000   0.000000000000  -0.000000000000   0.000000000000   0.000000000000   0.000000000000
   140  -3.291590514245   2.850000000000   1.191273796781   0.000708825634  -0.000001383042   0.000000000000  -0.000000000000  -0.016656717931  -0.027215448934   0.045070402230   0.150000000000   0.083333333333 180.000000000000   0.000000000000  -0.000000000000   0.000000000000   0.000000000000   0.000000000000
   141  -3.291590514245   2.550000000000   1.191273796781   0.000893567585  -0.000000625387   0.000000000000  -0.000000000000  -0.021553609888  -0.010687787291   0.010021803246   0.150000000000   0.083333333333 180.000000000000   0.000000000000  -0.000000000000   0.000000000000   0.000000000000   0.000000000000
   142  -3.291590514245   2.250000000000   1.191273796781   0.001010102935  -0.000000307921   0.000000000000   0.000000000000  -0.023964845412  -0.006099527061   0.005272397522   0.150000000000   0.083333333333 180.000000000000   0.000000000000  -0.000000000000   0.000000000000   0.000000000000   0.000000000000
   143  -3.291590514245   1.950000000000   1.191273796781   0.001085216847  -0.000000171312   0.000000000000   0.000000000000  -0.025375720135  -0.003676520304   0.002804291668   0.150000000000   0.083333333333 180.000000000000   0.000000000000  -0.000000000000   0.000000000000   0.000000000000   0.000000000000
   144  -3.291590514245   1.650000000000   1.191273796781   0.001130919823  -0.000000096069   0.000000000000   0.000000000000  -0.026251996682  -0.002336701385   0.001661771394   0.150000000000   0.083333333333 180.000000000000   0.000000000000  -0.000000000000   0.000000000000   0.000000000000   0.000000000000
   145  -3.291590514245   1.350000000000   1.191273796781   0.001159564503  -0.000000049203   0.000000000000   0.000000000000  -0.026817132434  -0.001522102048   0.001053559728   0.150000000000   0.083333333333 180.000000000000   0.000000000000  -0.000000000000   0.000000000000   0.000000000000   0.000000000000
   146  -3.291590514245   1.050000000000   1.191273796781   0.001177758604  -0.000000018205   0.000000000000   0.000000000000  -0.027186603964  -0.000992116761   0.000713057897   0.150000000000   0.083333333333 180.000000000000   0.000000000000  -0.000000000000   0.000000000000   0.000000000000   0.000000000000
   147  -3.291590514245   0.750000000000   1.191273796781   0.001189197834   0.000000002342   0.000000000000   0.000000000000  -0.027424431671  -0.000622520547   0.000518929483   0.150000000000   0.083333333333 180.000000000000   0.000000000000  -0.000000000000   0.000000000000   0.000000000000   0.000000000000
   148  -3.291590514245   0.450000000000   1.191273796781   0.001195934061   0.000000015021   0.000000000000   0.000000000000  -0.027566875944  -0.000343053021   0.000412628937   0.150000000000   0.083333333333 180.000000000000   0.000000000000  -0.000000000000   0.000000000000   0.000000000000   0.000000000000
   149  -3.291590514245   0.150000000000   1.191273796781   0.001199063185   0.000000021096   0.000000000000   0.000000000000  -0.027633716985  -0.000109632170   0.000365440567   0.150000000000   0.083333333333 180.000000000000   0.000000000000  -0.000000000000   0.000000000000   0.000000000000   0.000000000000
   150  -3.124923847578   2.850000000000   1.191273796781   0.000398882200  -0.000000531522   0.000000000000  -0.000000000000  -0.018044646688  -0.029612678290   0.052610360026   0.150000000000   0.083333333333 180.000000000000   0.000000000000  -0.000000000000   0.000000000000   0.000000000000   0.000000000000
   151  -3.124923847578   2.550000000000   1.191273796781   0.000487060890  -0.000000300389   0.000000000000  -0.000000000000  -0.023171550689  -0.011086901154   0.009142230428   0.150000000000   0.083333333333 180.000000000000   0.000000000000  -0.000000000000   0.000000000000   0.000000000000   0.000000000000
   152  -3.124923847578   2.250000000000   1.191273796781   0.000535174385  -0.000000135341   0.000000000000   0.000000000000  -0.025752381257  -0.006635709038   0.005695076625   0.150000000000   0.083333333333 180.000000000000   0.000000000000  -0.000000000000   0.000000000000   0.000000000000   0.000000000000
   153  -3.124923847578   1.950000000000   1.191273796781   0.000573512657  -0.000000063617   0.000000000000   0.000000000000  -0.027289625720  -0.004006511702   0.003068914495   0.150000000000   0.083333333333 180.000000000000   0.000000000000  -0.000000000000   0.000000000000   0.000000000000   0.000000000000
   154  -3.124923847578   1.650000000000   1.191273796781   0.000597027575  -0.000000022989   0.000000000000   0.000000000000  -0.028243383333  -0.002538581758   0.001824185319   0.150000000000   0.083333333333 180.000000000000   0.000000000000  -0.000000000000   0.000000000000   0.000000000000   0.000000000000
   155  -3.124923847578   1.350000000000   1.191273796781   0.000611422016   0.000000002833   0.000000000000   0.000000000000  -0.028855927347  -0.001646019435   0.001151022424   0.150000000000   0.083333333333 180.000000000000   0.000000000000  -0.000000000000   0.000000000000   0.000000000000   0.000000000000
   156  -3.124923847578   1.050000000000   1.191273796781   0.000620289311   0.000000020138   0.000000000000   0.000000000000  -0.029254624746  -0.001068520476   0.000773974104   0.150000000000   0.083333333333 180.000000000000   0.000000000000  -0.000000000000   0.000000000000   0.000000000000   0.000000000000
   157  -3.124923847578   0.750000000000   1.191273796781   0.000625713273   0.000000031696   0.000000000000   0.000000000000  -0.029510343128  -0.000668401460   0.000559755952   0.150000000000   0.083333333333 180.000000000000   0.000000000000  -0.000000000000   0.000000000000   0.000000000000   0.000000000000
   158  -3.124923847578   0.450000000000   1.191273796781   0.000628842212   0.000000038857   0.000000000000   0.000000000000  -0.029663114318  -0.000367598391   0.000442920944   0.150000000000   0.083333333333 180.000000000000   0.000000000000  -0.000000000000   0.000000000000   0.000000000000   0.000000000000
   159  -3.124923847578   0.150000000000   1.191273796781   0.000630277610   0.000000042294   0.000000000000   0.000000000000  -0.029734694593  -0.000117361054   0.000391203513   0.150000000000   0.083333333333 180.000000000000   0.000000000000  -0.000000000000   0.000000000000   0.000000000000   0.000000000000
   160  -2.958257180912   2.850000000000   1.191273796781   0.000098422743  -0.000000067068   0.000000000000  -0.000000000000  -0.018448104724  -0.031903374881   0.062631515663   0.150000000000   0.083333333333 180.000000000000   0.000000000000  -0.000000000000   0.000000000000   0.000000000000   0.000000000000
   161  -2.958257180912   2.550000000000   1.191273796781   0.000135099464  -0.000000058601   0.000000000000  -0.000000000000  -0.023613005604  -0.010734129824   0.007932634524   0.150000000000   0.083333333333 180.000000000000   0.000000000000  -0.000000000000   0.000000000000   0.000000000000   0.000000000000
   162  -2.958257180912   2.250000000000   1.191273796781   0.000125257396  -0.000000020758   0.000000000000   0.000000000000  -0.026169894452  -0.006649042546   0.005684323072   0.150000000000   0.083333333333 180.000000000000   0.000000000000  -0.000000000000   0.000000000000   0.000000000000   0.000000000000
   163  -2.958257180912   1.950000000000   1.191273796781   0.000126442147  -0.000000005913   0.000000000000   0.000000000000  -0.027711305648  -0.004015615492   0.003093767106   0.150000000000   0.083333333333 180.000000000000   0.000000000000  -0.000000000000   0.000000000000   0.000000000000   0.000000000000
   164  -2.958257180912   1.650000000000   1.191273796781   0.000126680100   0.000000002498   0.000000000000   0.000000000000  -0.028665760718  -0.002535481377   0.001840013278   0.150000000000   0.083333333333 180.000000000000   0.000000000000  -0.000000000000   0.000000000000   0.000000000000   0.000000000000
   165  -2.958257180912   1.350000000000   1.191273796781   0.000126082342   0.000000007774   0.000000000000   0.000000000000  -0.029276208488  -0.001636867438   0.001155366519   0.150000000000   0.083333333333 180.000000000000   0.000000000000  -0.000000000000   0.000000000000   0.000000000000   0.000000000000
   166  -2.958257180912   1.050000000000   1.191273796781   0.000125200401   0.000000011231   0.000000000000   0.000000000000  -0.029671908250  -0.001058614431   0.000772143503   0.150000000000   0.083333333333 180.000000000000   0.000000000000  -0.000000000000   0.000000000000   0.000000000000   0.000000000000
   167  -2.958257180912   0.750000000000   1.191273796781   0.000124384289   0.000000013486   0.000000000000   0.000000000000  -0.029924878949  -0.000660385454   0.000555286422   0.150000000000   0.083333333333 180.000000000000   0.000000000000  -0.000000000000   0.000000000000   0.000000000000   0.000000000000
   168  -2.958257180912   0.450000000000   1.191273796781   0.000123793495   0.000000014858   0.000000000000   0.000000000000  -0.030075669088  -0.000362550681   0.000437496153   0.150000000000   0.083333333333 180.000000000000   0.000000000000  -0.000000000000   0.000000000000   0.000000000000   0.000000000000
   169  -2.958257180912   0.150000000000   1.191273796781   0.000123488803   0.000000015510   0.000000000000   0.000000000000  -0.030146229483  -0.000115650918   0.000385503059   0.150000000000   0.083333333333 180.000000000000   0.000000000000  -0.000000000000   0.000000000000   0.000000000000   0.000000000000
   170  -2.791590514245   2.850000000000   1.191273796781  -0.000272810618  -0.000000139118  -0.000000000000  -0.000000000000  -0.017636829335  -0.034035001581   0.075648797151   0.150000000000   0.083333333333 180.000000000000   0.000000000000  -0.000000000000   0.000000000000   0.000000000000   0.000000000000
   171  -2.791590514245   2.550000000000   1.191273796781  -0.000299196838   0.000000042859  -0.000000000000  -0.000000000000  -0.022602292894  -0.009490454322   0.006166360379   0.150000000000   0.083333333333 180.000000000000   0.000000000000  -0.000000000000   0.000000000000   0.000000000000   0.000000000000
   172  -2.791590514245   2.250000000000   1.191273796781  -0.000375869960   0.000000017058  -0.000000000000  -0.000000000000  -0.024914028942  -0.006051600571   0.005296485457   0.150000000000   0.083333333333 180.000000000000   0.000000000000  -0.000000000000   0.000000000000   0.000000000000   0.000000000000
   173  -2.791590514245   1.950000000000   1.191273796781  -0.000420260181  -0.000000014898  -0.000000000000  -0.000000000000  -0.026308462673  -0.003615539308   0.002823718753   0.150000000000   0.083333333333 180.000000000000   0.000000000000  -0.000000000000   0.000000000000   0.000000000000   0.000000000000
   174  -2.791590514245   1.650000000000   1.191273796781  -0.000449910610  -0.000000041076  -0.000000000000  -0.000000000000  -0.027164927489  -0.002267144208   0.001670931581   0.150000000000   0.083333333333 180.000000000000   0.000000000000  -0.000000000000   0.000000000000   0.000000000000   0.000000000000
   175  -2.791590514245   1.350000000000   1.191273796781  -0.000469991506  -0.000000061281  -0.000000000000  -0.000000000000  -0.027708902584  -0.001454127590   0.001039123812   0.150000000000   0.083333333333 180.000000000000   0.000000000000  -0.000000000000   0.000000000000   0.000000000000   0.000000000000
   176  -2.791590514245   1.050000000000   1.191273796781  -0.000483608558  -0.000000076416  -0.000000000000  -0.000000000000  -0.028059507526  -0.000935824079   0.000688554558   0.150000000000   0.083333333333 180.000000000000   0.000000000000  -0.000000000000   0.000000000000   0.000000000000   0.000000000000
   177  -2.791590514245   0.750000000000   1.191273796781  -0.000492592701  -0.000000087200  -0.000000000000  -0.000000000000  -0.028282716302  -0.000581777521   0.000491600635   0.150000000000   0.083333333333 180.000000000000   0.000000000000  -0.000000000000   0.000000000000   0.000000000000   0.000000000000
   178  -2.791590514245   0.450000000000   1.191273796781  -0.000498058119  -0.000000094130  -0.000000000000  -0.000000000000  -0.028415397557  -0.000318711215   0.000385287050   0.150000000000   0.083333333333 180.000000000000   0.000000000000  -0.000000000000   0.000000000000   0.000000000000   0.000000000000
   179  -2.791590514245   0.150000000000   1.191273796781  -0.000500644645  -0.000000097519  -0.000000000000  -0.000000000000  -0.028477386855  -0.000101562550   0.000338541834   0.150000000000   0.083333333333 180.000000000000   0.000000000000  -0.000000000000   0.000000000000   0.000000000000   0.000000000000


wake shape after timestep: 1
 span time              xo               yo               zo               nu          epsilon              psi                U                V                W                A                B                C              eta              xsi                K            phiLE             phi0            phiTE	#
    0    0   0.666685704772   0.150000000000  -0.002181550805  -0.000000000000  -1.000000000000   0.000000000000   0.999847695156   0.000000000000   0.017452406437   0.020322049108  -0.000053685799  -0.000178952663   0.150000000000   0.125000000000   0.012298422942   0.000000000000   0.000000000000   0.000000000000
    1    0   0.666685704772   0.450000000000  -0.002181550805  -0.000000000000  -1.000000000000   0.000000000000   0.999847695156   0.000000000000   0.017452406437   0.020289377103  -0.000167197734  -0.000199420455   0.150000000000   0.125000000000   0.012287722730   0.000000000000   0.000000000000   0.000000000000
    2    0   0.666685704772   0.750000000000  -0.002181550805  -0.000000000000  -1.000000000000   0.000000000000   0.999847695156   0.000000000000   0.017452406437   0.020220186727  -0.000301292870  -0.000247563330   0.150000000000   0.125000000000   0.012264144868   0.000000000000   0.000000000000   0.000000000000
    3    0   0.666685704772   1.050000000000  -0.002181550805  -0.000000000000  -1.000000000000   0.000000000000   0.999847695156   0.000000000000   0.017452406437   0.020105414601  -0.000477878411  -0.000341055140   0.150000000000   0.125000000000   0.012222497339   0.000000000000   0.000000000000   0.000000000000
    4    0   0.666685704772   1.350000000000  -0.002181550805  -0.000000000000  -1.000000000000   0.000000000000   0.999847695156   0.000000000000   0.017452406437   0.019927217616  -0.000737691481  -0.000524988425   0.150000000000   0.125000000000   0.012152401744   0.000000000000   0.000000000000   0.000000000000
    5    0   0.666685704772   1.650000000000  -0.002181550805  -0.000000000000  -1.000000000000   0.000000000000   0.999847695156   0.000000000000   0.017452406437   0.019650490987  -0.001161620885  -0.000888109591   0.150000000000   0.125000000000   0.012033313722   0.000000000000   0.000000000000   0.000000000000
    6    0   0.666685704772   1.950000000000  -0.002181550805  -0.000000000000  -1.000000000000   0.000000000000   0.999847695156   0.000000000000   0.017452406437   0.019203695254  -0.001939548032  -0.001704980898   0.150000000000   0.125000000000   0.011822848089   0.000000000000   0.000000000000   0.000000000000
    7    0   0.666685704772   2.250000000000  -0.002181550805  -0.000000000000  -1.000000000000   0.000000000000   0.999847695156   0.000000000000   0.017452406437   0.018425792865  -0.003530399221  -0.003597856399   0.150000000000   0.125000000000   0.011423998326   0.000000000000   0.000000000000   0.000000000000
    8    0   0.666685704772   2.550000000000  -0.002181550805  -0.000000000000  -1.000000000000   0.000000000000   0.999847695156   0.000000000000   0.017452406437   0.016954214849  -0.006871128714  -0.007537908577   0.150000000000   0.125000000000   0.010599841182   0.000000000000   0.000000000000   0.000000000000
    9    0   0.666685704772   2.850000000000  -0.002181550805  -0.000000000000  -1.000000000000   0.000000000000   0.999847695156   0.000000000000   0.017452406437   0.013285182849  -0.023784295373  -0.048839313622   0.150000000000   0.125000000000   0.008114477106   0.000000000000   0.000000000000   0.000000000000
   10    0   0.516685704772   3.000000000000   0.057818449195  90.000000000000  -0.000000000000   1.000000000000   0.999847695156   0.000000000000   0.017452406437   0.006560324308  -0.027316080224   0.088805590983   0.062608722675   0.125000000000   0.004083395924 -67.198590513648 -67.198590513648 -67.198590513648
   11    0   0.216685704772   3.000000000000   0.177818449195  90.000000000000  -0.000000000000   1.000000000000   0.999847695156   0.000000000000   0.017452406437   0.004136285146  -0.017726328722  -0.012220803012   0.062608722675   0.125000000000   0.002739167923 -67.198590513648 -67.198590513648 -67.198590513648
   12    0  -0.083314295228   3.000000000000   0.297818449195  90.000000000000  -0.000000000000   1.000000000000   0.999847695156   0.000000000000   0.017452406437   0.001885007672  -0.015676275535   0.028592748479   0.062608722675   0.125000000000   0.001499461770 -67.198590513648 -67.198590513648 -67.198590513648
   13    0  -0.383314295228   3.000000000000   0.417818449195  90.000000000000  -0.000000000000   1.000000000000   0.999847695156   0.000000000000   0.017452406437   0.000373979569  -0.008400727699   0.029510559859   0.062608722675   0.125000000000   0.000583522365 -67.198590513648 -67.198590513648 -67.198590513648
   14    0  -0.683314295228   3.000000000000   0.537818449195  90.000000000000  -0.000000000000   1.000000000000   0.999847695156   0.000000000000   0.017452406437  -0.000296638589  -0.003610805985   0.008742270650   0.062608722675   0.125000000000   0.000198667225 -67.198590513648 -67.198590513648 -67.198590513648
   15    0  -0.983314295228   3.000000000000   0.657818449195  90.000000000000  -0.000000000000   1.000000000000   0.999847695156   0.000000000000   0.017452406437  -0.000645319224  -0.002495355987   0.000165833125   0.062608722675   0.125000000000   0.000062094298 -67.198590513648 -67.198590513648 -67.198590513648
   16    0  -1.283314295228   3.000000000000   0.777818449195  90.000000000000  -0.000000000000   1.000000000000   0.999847695156   0.000000000000   0.017452406437  -0.000972580861  -0.003009649113  -0.004273033396   0.062608722675   0.125000000000  -0.000015107199 -67.198590513648 -67.198590513648 -67.198590513648
   17    0  -1.583314295228   3.000000000000   0.897818449195  90.000000000000  -0.000000000000   1.000000000000   0.999847695156   0.000000000000   0.017452406437  -0.001450149971  -0.005156609344  -0.012872822159   0.062608722675   0.125000000000  -0.000112308686 -67.198590513648 -67.198590513648 -67.198590513648
   18    0  -1.883314295228   3.000000000000   1.017818449195  90.000000000000  -0.000000000000   1.000000000000   0.999847695156   0.000000000000   0.017452406437  -0.002391052469  -0.011362962763  -0.036691784449   0.062608722675   0.125000000000  -0.000349194407 -67.198590513648 -67.198590513648 -67.198590513648
   19    0  -2.183314295228   3.000000000000   1.137818449195  90.000000000000  -0.000000000000   1.000000000000   0.999847695156   0.000000000000   0.017452406437  -0.004833098853  -0.034731990058  -0.149935783537   0.062608722675   0.125000000000  -0.001657465441 -67.198590513648 -67.198590513648 -67.198590513648
   20    0  -2.333314295228   2.850000000000   1.197818449195 180.000000000000   1.000000000000   0.000000000000   0.999847695156   0.000000000000   0.017452406437  -0.013895394826  -0.030494025287   0.076708468506   0.150000000000   0.125000000000  -0.008060464456   0.000000000000   0.000000000000   0.000000000000
   21    0  -2.333314295228   2.550000000000   1.197818449195 180.000000000000   1.000000000000   0.000000000000   0.999847695156   0.000000000000   0.017452406437  -0.017773626864  -0.006252765761   0.004095729913   0.150000000000   0.125000000000  -0.010805678324   0.000000000000   0.000000000000   0.000000000000
   22    0  -2.333314295228   2.250000000000   1.197818449195 180.000000000000   1.000000000000   0.000000000000   0.999847695156   0.000000000000   0.017452406437  -0.019289230655  -0.003907191209   0.003722851926   0.150000000000   0.125000000000  -0.011455927115   0.000000000000   0.000000000000   0.000000000000
   23    0  -2.333314295228   1.950000000000   1.197818449195 180.000000000000   1.000000000000   0.000000000000   0.999847695156   0.000000000000   0.017452406437  -0.020167318811  -0.002219979603   0.001901186760   0.150000000000   0.125000000000  -0.011840532205   0.000000000000   0.000000000000   0.000000000000
   24    0  -2.333314295228   1.650000000000   1.197818449195 180.000000000000   1.000000000000   0.000000000000   0.999847695156   0.000000000000   0.017452406437  -0.020681428206  -0.001335565178   0.001046861325   0.150000000000   0.125000000000  -0.012045822822   0.000000000000   0.000000000000   0.000000000000
   25    0  -2.333314295228   1.350000000000   1.197818449195 180.000000000000   1.000000000000   0.000000000000   0.999847695156   0.000000000000   0.017452406437  -0.020997272439  -0.000832677701   0.000629430267   0.150000000000   0.125000000000  -0.012164011763   0.000000000000   0.000000000000   0.000000000000
   26    0  -2.333314295228   1.050000000000   1.197818449195 180.000000000000   1.000000000000   0.000000000000   0.999847695156   0.000000000000   0.017452406437  -0.021195592512  -0.000523892700   0.000399853069   0.150000000000   0.125000000000  -0.012234119283   0.000000000000   0.000000000000   0.000000000000
   27    0  -2.333314295228   0.750000000000   1.197818449195 180.000000000000   1.000000000000   0.000000000000   0.999847695156   0.000000000000   0.017452406437  -0.021319533463  -0.000320779753   0.000277190088   0.150000000000   0.125000000000  -0.012276000324   0.000000000000   0.000000000000   0.000000000000
   28    0  -2.333314295228   0.450000000000   1.197818449195 180.000000000000   1.000000000000   0.000000000000   0.999847695156   0.000000000000   0.017452406437  -0.021392285679  -0.000174004339   0.000212061295   0.150000000000   0.125000000000  -0.012299796346   0.000000000000   0.000000000000   0.000000000000
   29    0  -2.333314295228   0.150000000000   1.197818449195 180.000000000000   1.000000000000   0.000000000000   0.999847695156   0.000000000000   0.017452406437  -0.021426033370  -0.000055192975   0.000183976584   0.150000000000   0.125000000000  -0.012310619043   0.000000000000   0.000000000000   0.000000000000

    0    1   0.416723780983   0.150000000000  -0.006544652414  -0.000000000000  -1.000000000000   0.000000000000   0.999847695156   0.000000000000   0.017452406437   0.020322049108  -0.000053685799  -0.000178952663   0.150000000000   0.125000000000   0.020320706963   0.000000000000   0.000000000000   0.000000000000
    1    1   0.416723780983   0.450000000000  -0.006544652414  -0.000000000000  -1.000000000000   0.000000000000   0.999847695156   0.000000000000   0.017452406437   0.020289377103  -0.000167197734  -0.000199420455   0.150000000000   0.125000000000   0.020287881450   0.000000000000   0.000000000000   0.000000000000
    2    1   0.416723780983   0.750000000000  -0.006544652414  -0.000000000000  -1.000000000000   0.000000000000   0.999847695156   0.000000000000   0.017452406437   0.020220186727  -0.000301292870  -0.000247563330   0.150000000000   0.125000000000   0.020218330002   0.000000000000   0.000000000000   0.000000000000
    3    1   0.416723780983   1.050000000000  -0.006544652414  -0.000000000000  -1.000000000000   0.000000000000   0.999847695156   0.000000000000   0.017452406437   0.020105414601  -0.000477878411  -0.000341055140   0.150000000000   0.125000000000   0.020102856687   0.000000000000   0.000000000000   0.000000000000
    4    1   0.416723780983   1.350000000000  -0.006544652414  -0.000000000000  -1.000000000000   0.000000000000   0.999847695156   0.000000000000   0.017452406437   0.019927217616  -0.000737691481  -0.000524988425   0.150000000000   0.125000000000   0.019923280203   0.000000000000   0.000000000000   0.000000000000
    5    1   0.416723780983   1.650000000000  -0.006544652414  -0.000000000000  -1.000000000000   0.000000000000   0.999847695156   0.000000000000   0.017452406437   0.019650490987  -0.001161620885  -0.000888109591   0.150000000000   0.125000000000   0.019643830165   0.000000000000   0.000000000000   0.000000000000
    6    1   0.416723780983   1.950000000000  -0.006544652414  -0.000000000000  -1.000000000000   0.000000000000   0.999847695156   0.000000000000   0.017452406437   0.019203695254  -0.001939548032  -0.001704980898   0.150000000000   0.125000000000   0.019190907897   0.000000000000   0.000000000000   0.000000000000
    7    1   0.416723780983   2.250000000000  -0.006544652414  -0.000000000000  -1.000000000000   0.000000000000   0.999847695156   0.000000000000   0.017452406437   0.018425792865  -0.003530399221  -0.003597856399   0.150000000000   0.125000000000   0.018398808942   0.000000000000   0.000000000000   0.000000000000
    8    1   0.416723780983   2.550000000000  -0.006544652414  -0.000000000000  -1.000000000000   0.000000000000   0.999847695156   0.000000000000   0.017452406437   0.016954214849  -0.006871128714  -0.007537908577   0.150000000000   0.125000000000   0.016897680535   0.000000000000   0.000000000000   0.000000000000
    9    1   0.416723780983   2.850000000000  -0.006544652414  -0.000000000000  -1.000000000000   0.000000000000   0.999847695156   0.000000000000   0.017452406437   0.013285182849  -0.023784295373  -0.048839313622   0.150000000000   0.125000000000   0.012918887997   0.000000000000   0.000000000000   0.000000000000
   10    1   0.266723780983   3.000000000000   0.053455347586  90.000000000000  -0.000000000000   1.000000000000   0.999847695156   0.000000000000   0.017452406437   0.006560324308  -0.027316080224   0.088805590983   0.062608722675   0.125000000000   0.006676359237 -67.198590513648 -67.198590513648 -67.198590513648
   11    1  -0.033276219017   3.000000000000   0.173455347586  90.000000000000  -0.000000000000   1.000000000000   0.999847695156   0.000000000000   0.017452406437   0.004136285146  -0.017726328722  -0.012220803012   0.062608722675   0.125000000000   0.004120317233 -67.198590513648 -67.198590513648 -67.198590513648
   12    1  -0.333276219017   3.000000000000   0.293455347586  90.000000000000  -0.000000000000   1.000000000000   0.999847695156   0.000000000000   0.017452406437   0.001885007672  -0.015676275535   0.028592748479   0.062608722675   0.125000000000   0.001922367454 -67.198590513648 -67.198590513648 -67.198590513648
   13    1  -0.633276219017   3.000000000000   0.413455347586  90.000000000000  -0.000000000000   1.000000000000   0.999847695156   0.000000000000   0.017452406437   0.000373979569  -0.008400727699   0.029510559859   0.062608722675   0.125000000000   0.000412538579 -67.198590513648 -67.198590513648 -67.198590513648
   14    1  -0.933276219017   3.000000000000   0.533455347586  90.000000000000  -0.000000000000   1.000000000000   0.999847695156   0.000000000000   0.017452406437  -0.000296638589  -0.003610805985   0.008742270650   0.062608722675   0.125000000000  -0.000285215787 -67.198590513648 -67.198590513648 -67.198590513648
   15    1  -1.233276219017   3.000000000000   0.653455347586  90.000000000000  -0.000000000000   1.000000000000   0.999847695156   0.000000000000   0.017452406437  -0.000645319224  -0.002495355987   0.000165833125   0.062608722675   0.125000000000  -0.000645102543 -67.198590513648 -67.198590513648 -67.198590513648
   16    1  -1.533276219017   3.000000000000   0.773455347586  90.000000000000  -0.000000000000   1.000000000000   0.999847695156   0.000000000000   0.017452406437  -0.000972580861  -0.003009649113  -0.004273033396   0.062608722675   0.125000000000  -0.000978164081 -67.198590513648 -67.198590513648 -67.198590513648
   17    1  -1.833276219017   3.000000000000   0.893455347586  90.000000000000  -0.000000000000   1.000000000000   0.999847695156   0.000000000000   0.017452406437  -0.001450149971  -0.005156609344  -0.012872822159   0.062608722675   0.125000000000  -0.001466969825 -67.198590513648 -67.198590513648 -67.198590513648
   18    1  -2.133276219017   3.000000000000   1.013455347586  90.000000000000  -0.000000000000   1.000000000000   0.999847695156   0.000000000000   0.017452406437  -0.002391052469  -0.011362962763  -0.036691784449   0.062608722675   0.125000000000  -0.002438994593 -67.198590513648 -67.198590513648 -67.198590513648
   19    1  -2.433276219017   3.000000000000   1.133455347586  90.000000000000  -0.000000000000   1.000000000000   0.999847695156   0.000000000000   0.017452406437  -0.004833098853  -0.034731990058  -0.149935783537   0.062608722675   0.125000000000  -0.005029007555 -67.198590513648 -67.198590513648 -67.198590513648
   20    1  -2.583276219017   2.850000000000   1.193455347586 180.000000000000   1.000000000000   0.000000000000   0.999847695156   0.000000000000   0.017452406437  -0.013895394826  -0.030494025287   0.076708468506   0.150000000000   0.125000000000  -0.013320081312   0.000000000000   0.000000000000   0.000000000000
   21    1  -2.583276219017   2.550000000000   1.193455347586 180.000000000000   1.000000000000   0.000000000000   0.999847695156   0.000000000000   0.017452406437  -0.017773626864  -0.006252765761   0.004095729913   0.150000000000   0.125000000000  -0.017742908890   0.000000000000   0.000000000000   0.000000000000
   22    1  -2.583276219017   2.250000000000   1.193455347586 180.000000000000   1.000000000000   0.000000000000   0.999847695156   0.000000000000   0.017452406437  -0.019289230655  -0.003907191209   0.003722851926   0.150000000000   0.125000000000  -0.019261309266   0.000000000000   0.000000000000   0.000000000000
   23    1  -2.583276219017   1.950000000000   1.193455347586 180.000000000000   1.000000000000   0.000000000000   0.999847695156   0.000000000000   0.017452406437  -0.020167318811  -0.002219979603   0.001901186760   0.150000000000   0.125000000000  -0.020153059910   0.000000000000   0.000000000000   0.000000000000
   24    1  -2.583276219017   1.650000000000   1.193455347586 180.000000000000   1.000000000000   0.000000000000   0.999847695156   0.000000000000   0.017452406437  -0.020681428206  -0.001335565178   0.001046861325   0.150000000000   0.125000000000  -0.020673576746   0.000000000000   0.000000000000   0.000000000000
   25    1  -2.583276219017   1.350000000000   1.193455347586 180.000000000000   1.000000000000   0.000000000000   0.999847695156   0.000000000000   0.017452406437  -0.020997272439  -0.000832677701   0.000629430267   0.150000000000   0.125000000000  -0.020992551712   0.000000000000   0.000000000000   0.000000000000
   26    1  -2.583276219017   1.050000000000   1.193455347586 180.000000000000   1.000000000000   0.000000000000   0.999847695156   0.000000000000   0.017452406437  -0.021195592512  -0.000523892700   0.000399853069   0.150000000000   0.125000000000  -0.021192593614   0.000000000000   0.000000000000   0.000000000000
   27    1  -2.583276219017   0.750000000000   1.193455347586 180.000000000000   1.000000000000   0.000000000000   0.999847695156   0.000000000000   0.017452406437  -0.021319533463  -0.000320779753   0.000277190088   0.150000000000   0.125000000000  -0.021317454538   0.000000000000   0.000000000000   0.000000000000
   28    1  -2.583276219017   0.450000000000   1.193455347586 180.000000000000   1.000000000000   0.000000000000   0.999847695156   0.000000000000   0.017452406437  -0.021392285679  -0.000174004339   0.000212061295   0.150000000000   0.125000000000  -0.021390695219   0.000000000000   0.000000000000   0.000000000000
   29    1  -2.583276219017   0.150000000000   1.193455347586 180.000000000000   1.000000000000   0.000000000000   0.999847695156   0.000000000000   0.017452406437  -0.021426033370  -0.000055192975   0.000183976584   0.150000000000   0.125000000000  -0.021424653546   0.000000000000   0.000000000000   0.000000000000

