


Program Version: FreeWake2015_beta
relaxed wake
steady aerodynamics
Ref. Area   : 6.000000
Aspect Ratio: 6.000000
Alpha       : 1.000000
Beta        : 0.000000
symmetrical geometry: 1
lifting surface after timestep: 2
elements in span direction: 30
elements in chord direction: 6
no. of wings: 1  first and last span indices of each wing:  0  29

 index               xo               yo               zo        Nlift_tot        NLift_ind           NY_tot              NYi                A                B                C              eta              xsi               nu          epsilon              psi            phiLE             phi0            phiTE	#
     0  -0.874885771367   0.150000000000  -0.013089304828   0.004603391767   0.000000293956   0.000000000000   0.000000000000   0.015345321101  -0.000066469250  -0.000221564167   0.150000000000   0.083333333333   0.000000000000   0.000000000000   0.000000000000   0.000000000000   0.000000000000   0.000000000000
     1  -0.874885771367   0.450000000000  -0.013089304828   0.004591327131   0.000000318354   0.000000000000   0.000000000000   0.015305128129  -0.000203560033  -0.000235405110   0.150000000000   0.083333333333   0.000000000000   0.000000000000   0.000000000000   0.000000000000   0.000000000000   0.000000000000
     2  -0.874885771367   0.750000000000  -0.013089304828   0.004566420111   0.000000368786   0.000000000000   0.000000000000   0.015222170883  -0.000354173450  -0.000266639611   0.150000000000   0.083333333333   0.000000000000   0.000000000000   0.000000000000   0.000000000000   0.000000000000   0.000000000000
     3  -0.874885771367   1.050000000000  -0.013089304828   0.004526902646   0.000000449207   0.000000000000   0.000000000000   0.015090613768  -0.000531590746  -0.000324751377   0.150000000000   0.083333333333   0.000000000000   0.000000000000   0.000000000000   0.000000000000   0.000000000000   0.000000000000
     4  -0.874885771367   1.350000000000  -0.013089304828   0.004469450715   0.000000567873   0.000000000000   0.000000000000   0.014899511061  -0.000758413035  -0.000431322917   0.150000000000   0.083333333333   0.000000000000   0.000000000000   0.000000000000   0.000000000000   0.000000000000   0.000000000000
     5  -0.874885771367   1.650000000000  -0.013089304828   0.004387817649   0.000000742713   0.000000000000   0.000000000000   0.014628405554  -0.001080707237  -0.000642991091   0.150000000000   0.083333333333   0.000000000000   0.000000000000   0.000000000000   0.000000000000   0.000000000000   0.000000000000
     6  -0.874885771367   1.950000000000  -0.013089304828   0.004269875606   0.000001017007   0.000000000000   0.000000000000   0.014237344370  -0.001586232758  -0.001042093980   0.150000000000   0.083333333333   0.000000000000   0.000000000000   0.000000000000   0.000000000000   0.000000000000   0.000000000000
     7  -0.874885771367   2.250000000000  -0.013089304828   0.004085926604   0.000001512584   0.000000000000   0.000000000000   0.013633818351  -0.002663058922  -0.002547326566   0.150000000000   0.083333333333   0.000000000000   0.000000000000   0.000000000000   0.000000000000   0.000000000000   0.000000000000
     8  -0.874885771367   2.550000000000  -0.013089304828   0.003805238612   0.000002667394   0.000000000000   0.000000000000   0.012672167077  -0.003304444277   0.000409375383   0.150000000000   0.083333333333   0.000000000000   0.000000000000   0.000000000000   0.000000000000   0.000000000000   0.000000000000
     9  -0.874885771367   2.850000000000  -0.013089304828   0.002759672118   0.000005499298   0.000000000000   0.000000000000   0.009812548707  -0.028460537340  -0.084263018926   0.150000000000   0.083333333333   0.000000000000   0.000000000000   0.000000000000   0.000000000000   0.000000000000   0.000000000000
    10  -0.708219104701   0.150000000000  -0.013089304828   0.001993877431  -0.000001013565   0.000000000000   0.000000000000   0.021995728645  -0.000097304910  -0.000324349701   0.150000000000   0.083333333333   0.000000000000   0.000000000000   0.000000000000   0.000000000000   0.000000000000   0.000000000000
    11  -0.708219104701   0.450000000000  -0.013089304828   0.001988264235  -0.000000998713   0.000000000000   0.000000000000   0.021936840203  -0.000298654663  -0.000346816141   0.150000000000   0.083333333333   0.000000000000   0.000000000000   0.000000000000   0.000000000000   0.000000000000   0.000000000000
    12  -0.708219104701   0.750000000000  -0.013089304828   0.001976547960  -0.000000969389   0.000000000000   0.000000000000   0.021814880118  -0.000522080801  -0.000397937652   0.150000000000   0.083333333333   0.000000000000   0.000000000000   0.000000000000   0.000000000000   0.000000000000   0.000000000000
    13  -0.708219104701   1.050000000000  -0.013089304828   0.001957596861  -0.000000922931   0.000000000000   0.000000000000   0.021620281851  -0.000789638570  -0.000493921578   0.150000000000   0.083333333333   0.000000000000   0.000000000000   0.000000000000   0.000000000000   0.000000000000   0.000000000000
    14  -0.708219104701   1.350000000000  -0.013089304828   0.001929230040  -0.000000853930   0.000000000000   0.000000000000   0.021334929673  -0.001139427047  -0.000672040013   0.150000000000   0.083333333333   0.000000000000   0.000000000000   0.000000000000   0.000000000000   0.000000000000   0.000000000000
    15  -0.708219104701   1.650000000000  -0.013089304828   0.001887333307  -0.000000751015   0.000000000000   0.000000000000   0.020924832861  -0.001646452349  -0.001018044326   0.150000000000   0.083333333333   0.000000000000   0.000000000000   0.000000000000   0.000000000000   0.000000000000   0.000000000000
    16  -0.708219104701   1.950000000000  -0.013089304828   0.001823574776  -0.000000587958   0.000000000000   0.000000000000   0.020323098125  -0.002472946170  -0.001736935078   0.150000000000   0.083333333333   0.000000000000   0.000000000000   0.000000000000   0.000000000000   0.000000000000   0.000000000000
    17  -0.708219104701   2.250000000000  -0.013089304828   0.001722147124  -0.000000292302   0.000000000000   0.000000000000   0.019383126405  -0.004071956709  -0.003593100051   0.150000000000   0.083333333333   0.000000000000   0.000000000000   0.000000000000   0.000000000000   0.000000000000   0.000000000000
    18  -0.708219104701   2.550000000000  -0.013089304828   0.001533387790   0.000000337892   0.000000000000   0.000000000000   0.017818804073  -0.006485900932  -0.004453380693   0.150000000000   0.083333333333   0.000000000000   0.000000000000   0.000000000000   0.000000000000   0.000000000000   0.000000000000
    19  -0.708219104701   2.850000000000  -0.013089304828   0.001173775011   0.000002437039   0.000000000000   0.000000000000   0.013706884628  -0.032695861397  -0.082913154190   0.150000000000   0.083333333333   0.000000000000   0.000000000000   0.000000000000   0.000000000000   0.000000000000   0.000000000000
    20  -0.541552438034   0.150000000000  -0.013089304828   0.001233133041  -0.000000588238   0.000000000000   0.000000000000   0.026108620729  -0.000116817740  -0.000389392467   0.150000000000   0.083333333333   0.000000000000   0.000000000000   0.000000000000   0.000000000000   0.000000000000   0.000000000000
    21  -0.541552438034   0.450000000000  -0.013089304828   0.001229566746  -0.000000580484   0.000000000000   0.000000000000   0.026037870241  -0.000359251139  -0.000418718860   0.150000000000   0.083333333333   0.000000000000   0.000000000000   0.000000000000   0.000000000000   0.000000000000   0.000000000000
    22  -0.541552438034   0.750000000000  -0.013089304828   0.001222044174  -0.000000564361   0.000000000000   0.000000000000   0.025890900870  -0.000630606874  -0.000485800256   0.150000000000   0.083333333333   0.000000000000   0.000000000000   0.000000000000   0.000000000000   0.000000000000   0.000000000000
    23  -0.541552438034   1.050000000000  -0.013089304828   0.001209653670  -0.000000538421   0.000000000000   0.000000000000   0.025655145128  -0.000960109123  -0.000612540574   0.150000000000   0.083333333333   0.000000000000   0.000000000000   0.000000000000   0.000000000000   0.000000000000   0.000000000000
    24  -0.541552438034   1.350000000000  -0.013089304828   0.001190628977  -0.000000499790   0.000000000000   0.000000000000   0.025306680423  -0.001398344354  -0.000848243530   0.150000000000   0.083333333333   0.000000000000   0.000000000000   0.000000000000   0.000000000000   0.000000000000   0.000000000000
    25  -0.541552438034   1.650000000000  -0.013089304828   0.001161623283  -0.000000442754   0.000000000000   0.000000000000   0.024800543407  -0.002044514369  -0.001305656522   0.150000000000   0.083333333333   0.000000000000   0.000000000000   0.000000000000   0.000000000000   0.000000000000   0.000000000000
    26  -0.541552438034   1.950000000000  -0.013089304828   0.001116175291  -0.000000355262   0.000000000000   0.000000000000   0.024048644038  -0.003108387898  -0.002240588575   0.150000000000   0.083333333333   0.000000000000   0.000000000000   0.000000000000   0.000000000000   0.000000000000   0.000000000000
    27  -0.541552438034   2.250000000000  -0.013089304828   0.001041610165  -0.000000209069   0.000000000000   0.000000000000   0.022862903687  -0.005140354508  -0.004532633458   0.150000000000   0.083333333333   0.000000000000   0.000000000000   0.000000000000   0.000000000000   0.000000000000   0.000000000000
    28  -0.541552438034   2.550000000000  -0.013089304828   0.000906514789   0.000000062264   0.000000000000   0.000000000000   0.020858895244  -0.008579468963  -0.006931081389   0.150000000000   0.083333333333   0.000000000000   0.000000000000   0.000000000000   0.000000000000   0.000000000000   0.000000000000
    29  -0.541552438034   2.850000000000  -0.013089304828   0.000733934609   0.000000855067   0.000000000000   0.000000000000   0.016100777474  -0.033544514557  -0.076285737257   0.150000000000   0.083333333333   0.000000000000   0.000000000000   0.000000000000   0.000000000000   0.000000000000   0.000000000000
    30  -0.374885771367   0.150000000000  -0.013089304828   0.000767143503  -0.000000344920   0.000000000000   0.000000000000   0.028667197317  -0.000128091611  -0.000426972037   0.150000000000   0.083333333333   0.000000000000   0.000000000000   0.000000000000   0.000000000000   0.000000000000   0.000000000000
    31  -0.374885771367   0.450000000000  -0.013089304828   0.000765072583  -0.000000340480   0.000000000000   0.000000000000   0.028589567350  -0.000394608180  -0.000461416527   0.150000000000   0.083333333333   0.000000000000   0.000000000000   0.000000000000   0.000000000000   0.000000000000   0.000000000000
    32  -0.374885771367   0.750000000000  -0.013089304828   0.000760639031  -0.000000331242   0.000000000000   0.000000000000   0.028427878528  -0.000695176494  -0.000540477853   0.150000000000   0.083333333333   0.000000000000   0.000000000000   0.000000000000   0.000000000000   0.000000000000   0.000000000000
    33  -0.374885771367   1.050000000000  -0.013089304828   0.000753157808  -0.000000316379   0.000000000000   0.000000000000   0.028167309603  -0.001064436138  -0.000690387624   0.150000000000   0.083333333333   0.000000000000   0.000000000000   0.000000000000   0.000000000000   0.000000000000   0.000000000000
    34  -0.374885771367   1.350000000000  -0.013089304828   0.000741298349  -0.000000294311   0.000000000000   0.000000000000   0.027779564997  -0.001562387103  -0.000969448926   0.150000000000   0.083333333333   0.000000000000   0.000000000000   0.000000000000   0.000000000000   0.000000000000   0.000000000000
    35  -0.374885771367   1.650000000000  -0.013089304828   0.000722560760  -0.000000262103   0.000000000000   0.000000000000   0.027211473161  -0.002305727141  -0.001508351202   0.150000000000   0.083333333333   0.000000000000   0.000000000000   0.000000000000   0.000000000000   0.000000000000   0.000000000000
    36  -0.374885771367   1.950000000000  -0.013089304828   0.000692252009  -0.000000214261   0.000000000000   0.000000000000   0.026359530722  -0.003537040381  -0.002596026265   0.150000000000   0.083333333333   0.000000000000   0.000000000000   0.000000000000   0.000000000000   0.000000000000   0.000000000000
    37  -0.374885771367   2.250000000000  -0.013089304828   0.000641657696  -0.000000140260   0.000000000000   0.000000000000   0.025006973299  -0.005865362066  -0.005165046017   0.150000000000   0.083333333333   0.000000000000   0.000000000000   0.000000000000   0.000000000000   0.000000000000   0.000000000000
    38  -0.374885771367   2.550000000000  -0.013089304828   0.000553017473  -0.000000024408   0.000000000000   0.000000000000   0.022712469823  -0.009898265881  -0.008277966701   0.150000000000   0.083333333333   0.000000000000   0.000000000000   0.000000000000   0.000000000000   0.000000000000   0.000000000000
    39  -0.374885771367   2.850000000000  -0.013089304828   0.000457963411   0.000000291876   0.000000000000   0.000000000000   0.017586711497  -0.033681866683  -0.071000702636   0.150000000000   0.083333333333   0.000000000000   0.000000000000   0.000000000000   0.000000000000   0.000000000000   0.000000000000
    40  -0.208219104701   0.150000000000  -0.013089304828   0.000378103977  -0.000000161032   0.000000000000   0.000000000000   0.029928155598  -0.000131088266  -0.000436960886   0.150000000000   0.083333333333   0.000000000000   0.000000000000   0.000000000000   0.000000000000   0.000000000000   0.000000000000
    41  -0.208219104701   0.450000000000  -0.013089304828   0.000377539536  -0.000000159196   0.000000000000   0.000000000000   0.029848660439  -0.000404494122  -0.000474391967   0.150000000000   0.083333333333   0.000000000000   0.000000000000   0.000000000000   0.000000000000   0.000000000000   0.000000000000
    42  -0.208219104701   0.750000000000  -0.013089304828   0.000376239778  -0.000000155354   0.000000000000   0.000000000000   0.029682679226  -0.000714965301  -0.000560511962   0.150000000000   0.083333333333   0.000000000000   0.000000000000   0.000000000000   0.000000000000   0.000000000000   0.000000000000
    43  -0.208219104701   1.050000000000  -0.013089304828   0.000373800027  -0.000000149123   0.000000000000   0.000000000000   0.029414060416  -0.001100381047  -0.000724207192   0.150000000000   0.083333333333   0.000000000000   0.000000000000   0.000000000000   0.000000000000   0.000000000000   0.000000000000
    44  -0.208219104701   1.350000000000  -0.013089304828   0.000369428235  -0.000000139808   0.000000000000   0.000000000000   0.029011906234  -0.001626388310  -0.001029150353   0.150000000000   0.083333333333   0.000000000000   0.000000000000   0.000000000000   0.000000000000   0.000000000000   0.000000000000
    45  -0.208219104701   1.650000000000  -0.013089304828   0.000361641538  -0.000000126226   0.000000000000   0.000000000000   0.028418170328  -0.002419823606  -0.001615633965   0.150000000000   0.083333333333   0.000000000000   0.000000000000   0.000000000000   0.000000000000   0.000000000000   0.000000000000
    46  -0.208219104701   1.950000000000  -0.013089304828   0.000347706005  -0.000000106504   0.000000000000   0.000000000000   0.027520368655  -0.003741837779  -0.002791079948   0.150000000000   0.083333333333   0.000000000000   0.000000000000   0.000000000000   0.000000000000   0.000000000000   0.000000000000
    47  -0.208219104701   2.250000000000  -0.013089304828   0.000323035755  -0.000000078142   0.000000000000   0.000000000000   0.026086316189  -0.006220538234  -0.005471254900   0.150000000000   0.083333333333   0.000000000000   0.000000000000   0.000000000000   0.000000000000   0.000000000000   0.000000000000
    48  -0.208219104701   2.550000000000  -0.013089304828   0.000278337381  -0.000000041959   0.000000000000   0.000000000000   0.023646448408  -0.010587202776  -0.009084293573   0.150000000000   0.083333333333   0.000000000000   0.000000000000   0.000000000000   0.000000000000   0.000000000000   0.000000000000
    49  -0.208219104701   2.850000000000  -0.013089304828   0.000236520586   0.000000031022   0.000000000000   0.000000000000   0.018346153018  -0.033458420720  -0.067153099574   0.150000000000   0.083333333333   0.000000000000   0.000000000000   0.000000000000   0.000000000000   0.000000000000   0.000000000000
    50  -0.041552438034   0.150000000000  -0.013089304828  -0.000059733776   0.000000024215   0.000000000000   0.000000000000   0.029728765610  -0.000123220846  -0.000410736155   0.150000000000   0.083333333333   0.000000000000   0.000000000000   0.000000000000   0.000000000000   0.000000000000   0.000000000000
    51  -0.041552438034   0.450000000000  -0.013089304828  -0.000058319481   0.000000023419   0.000000000000   0.000000000000   0.029653988291  -0.000380926686  -0.000448283311   0.150000000000   0.083333333333   0.000000000000   0.000000000000   0.000000000000   0.000000000000   0.000000000000   0.000000000000
    52  -0.041552438034   0.750000000000  -0.013089304828  -0.000055499123   0.000000021850   0.000000000000   0.000000000000   0.029497416898  -0.000675868527  -0.000534856161   0.150000000000   0.083333333333   0.000000000000   0.000000000000   0.000000000000   0.000000000000   0.000000000000   0.000000000000
    53  -0.041552438034   1.050000000000  -0.013089304828  -0.000051301958   0.000000019564   0.000000000000   0.000000000000   0.029242806229  -0.001046289642  -0.000699880887   0.150000000000   0.083333333333   0.000000000000   0.000000000000   0.000000000000   0.000000000000   0.000000000000   0.000000000000
    54  -0.041552438034   1.350000000000  -0.013089304828  -0.000045808282   0.000000016661   0.000000000000   0.000000000000   0.028858997689  -0.001558649746  -0.001007986128   0.150000000000   0.083333333333   0.000000000000   0.000000000000   0.000000000000   0.000000000000   0.000000000000   0.000000000000
    55  -0.041552438034   1.650000000000  -0.013089304828  -0.000039207800   0.000000013313   0.000000000000   0.000000000000   0.028287327948  -0.002341522305  -0.001601589071   0.150000000000   0.083333333333   0.000000000000   0.000000000000   0.000000000000   0.000000000000   0.000000000000   0.000000000000
    56  -0.041552438034   1.950000000000  -0.013089304828  -0.000031875132   0.000000009786   0.000000000000   0.000000000000   0.027414055368  -0.003658114040  -0.002787050043   0.150000000000   0.083333333333   0.000000000000   0.000000000000   0.000000000000   0.000000000000   0.000000000000   0.000000000000
    57  -0.041552438034   2.250000000000  -0.013089304828  -0.000024390930   0.000000006479   0.000000000000   0.000000000000   0.026005091631  -0.006139611017  -0.005484606547   0.150000000000   0.083333333333   0.000000000000   0.000000000000   0.000000000000   0.000000000000   0.000000000000   0.000000000000
    58  -0.041552438034   2.550000000000  -0.013089304828  -0.000018219447   0.000000003333   0.000000000000   0.000000000000   0.023586429552  -0.010539230742  -0.009180792537   0.150000000000   0.083333333333   0.000000000000   0.000000000000   0.000000000000   0.000000000000   0.000000000000   0.000000000000
    59  -0.041552438034   2.850000000000  -0.013089304828   0.000008837512  -0.000000008306   0.000000000000   0.000000000000   0.018355232332  -0.032623128519  -0.064432200053   0.150000000000   0.083333333333   0.000000000000   0.000000000000   0.000000000000   0.000000000000   0.000000000000   0.000000000000
    60  -1.024885771367   3.000000000000   0.046910695172   0.000014146449   0.000014146449  -0.000176383909  -0.000009547532   0.001105075854  -0.031009701177   0.189414515340   0.060000000000   0.083333333333  90.000000000000   0.000000000000   0.000000000000 -68.198590513648 -68.198590513648 -68.198590513648
    61  -1.324885771367   3.000000000000   0.166910695172  -0.000001232097  -0.000001232097   0.000061958371   0.000001062074  -0.000507346172  -0.006177781019   0.017518152639   0.060000000000   0.083333333333  90.000000000000   0.000000000000   0.000000000000 -68.198590513648 -68.198590513648 -68.198590513648
    62  -1.624885771367   3.000000000000   0.286910695172  -0.000002684235  -0.000002684235   0.000132511596   0.000001994368  -0.001046614437  -0.003646622412   0.003574835752   0.060000000000   0.083333333333  90.000000000000   0.000000000000   0.000000000000 -68.198590513648 -68.198590513648 -68.198590513648
    63  -1.924885771367   3.000000000000   0.406910695172  -0.000004254048  -0.000004254048   0.000184575364   0.000002500472  -0.001451952491  -0.003429361799  -0.001764330637   0.060000000000   0.083333333333  90.000000000000   0.000000000000   0.000000000000 -68.198590513648 -68.198590513648 -68.198590513648
    64  -2.224885771367   3.000000000000   0.526910695172  -0.000006706432  -0.000006706432   0.000241390545   0.000003024144  -0.001898347477  -0.004168308110  -0.004393555295   0.060000000000   0.083333333333  90.000000000000   0.000000000000   0.000000000000 -68.198590513648 -68.198590513648 -68.198590513648
    65  -2.524885771367   3.000000000000   0.646910695172  -0.000010814863  -0.000010814863   0.000313851407   0.000003688911  -0.002469242026  -0.005470440699  -0.006457549608   0.060000000000   0.083333333333  90.000000000000   0.000000000000   0.000000000000 -68.198590513648 -68.198590513648 -68.198590513648
    66  -2.824885771367   3.000000000000   0.766910695172  -0.000017752045  -0.000017752045   0.000409174310   0.000004396578  -0.003223308020  -0.007174399163  -0.007742104263   0.060000000000   0.083333333333  90.000000000000   0.000000000000   0.000000000000 -68.198590513648 -68.198590513648 -68.198590513648
    67  -3.124885771367   3.000000000000   0.886910695172  -0.000027158463  -0.000027158463   0.000525721835   0.000004662268  -0.004162891012  -0.007938130542   0.001377676105   0.060000000000   0.083333333333  90.000000000000   0.000000000000   0.000000000000 -68.198590513648 -68.198590513648 -68.198590513648
    68  -3.424885771367   3.000000000000   1.006910695172  -0.000032408516  -0.000032408516   0.000630517816   0.000005270753  -0.005020114716  -0.005090374102   0.022353627561   0.060000000000   0.083333333333  90.000000000000   0.000000000000   0.000000000000 -68.198590513648 -68.198590513648 -68.198590513648
    69  -3.724885771367   3.000000000000   1.126910695172  -0.000044167786  -0.000044167786   0.000744812706   0.000002153230  -0.005795604010  -0.015943391432  -0.112795438643   0.060000000000   0.083333333333  90.000000000000   0.000000000000   0.000000000000 -68.198590513648 -68.198590513648 -68.198590513648
    70  -0.858219104701   3.000000000000   0.046910695172  -0.000000496352  -0.000000496352  -0.000340898075  -0.000006994009   0.003869918068  -0.044664905040   0.107540855113   0.060000000000   0.083333333333  90.000000000000   0.000000000000   0.000000000000 -68.198590513648 -68.198590513648 -68.198590513648
    71  -1.158219104701   3.000000000000   0.166910695172   0.000000359495   0.000000359495  -0.000081277860  -0.000000834473   0.000034971544  -0.019646640899   0.100944679400   0.060000000000   0.083333333333  90.000000000000   0.000000000000   0.000000000000 -68.198590513648 -68.198590513648 -68.198590513648
    72  -1.458219104701   3.000000000000   0.286910695172  -0.000000032364  -0.000000032364   0.000017722961   0.000000064263  -0.001195617380  -0.006306431165   0.010223735046   0.060000000000   0.083333333333  90.000000000000   0.000000000000   0.000000000000 -68.198590513648 -68.198590513648 -68.198590513648
    73  -1.758219104701   3.000000000000   0.406910695172  -0.000000091054  -0.000000091054   0.000048584548   0.000000119082  -0.001841333285  -0.005058266404   0.000177637961   0.060000000000   0.083333333333  90.000000000000   0.000000000000   0.000000000000 -68.198590513648 -68.198590513648 -68.198590513648
    74  -2.058219104701   3.000000000000   0.526910695172  -0.000000120251  -0.000000120251   0.000071354948   0.000000123869  -0.002465960799  -0.005688751043  -0.005431676615   0.060000000000   0.083333333333  90.000000000000   0.000000000000   0.000000000000 -68.198590513648 -68.198590513648 -68.198590513648
    75  -2.358219104701   3.000000000000   0.646910695172  -0.000000124072  -0.000000124072   0.000096881779   0.000000141689  -0.003238994154  -0.007397923004  -0.008811423059   0.060000000000   0.083333333333  90.000000000000   0.000000000000   0.000000000000 -68.198590513648 -68.198590513648 -68.198590513648
    76  -2.658219104701   3.000000000000   0.766910695172  -0.000000093491  -0.000000093491   0.000131644099   0.000000180425  -0.004267338271  -0.009969626688  -0.012619440973   0.060000000000   0.083333333333  90.000000000000   0.000000000000   0.000000000000 -68.198590513648 -68.198590513648 -68.198590513648
    77  -2.958219104701   3.000000000000   0.886910695172  -0.000000058496  -0.000000058496   0.000185872390   0.000000106479  -0.005633584130  -0.012603982719  -0.009333525955   0.060000000000   0.083333333333  90.000000000000   0.000000000000   0.000000000000 -68.198590513648 -68.198590513648 -68.198590513648
    78  -3.258219104701   3.000000000000   1.006910695172  -0.000000394543  -0.000000394543   0.000269739534   0.000000204304  -0.007171086833  -0.011198095727   0.021049250891   0.060000000000   0.083333333333  90.000000000000   0.000000000000   0.000000000000 -68.198590513648 -68.198590513648 -68.198590513648
    79  -3.558219104701   3.000000000000   1.126910695172   0.000011548527   0.000011548527   0.000372238777   0.000007029413  -0.008707551477  -0.022673021148  -0.116673629402   0.060000000000   0.083333333333  90.000000000000   0.000000000000   0.000000000000 -68.198590513648 -68.198590513648 -68.198590513648
    80  -0.691552438034   3.000000000000   0.046910695172   0.000000679857   0.000000679857  -0.000290786392  -0.000007009839   0.006190642164  -0.048970732179   0.062162529624   0.060000000000   0.083333333333  90.000000000000   0.000000000000   0.000000000000 -68.198590513648 -68.198590513648 -68.198590513648
    81  -0.991552438034   3.000000000000   0.166910695172   0.000000489953   0.000000489953  -0.000167216527  -0.000001905111   0.001353602351  -0.029241471012   0.102247980100   0.060000000000   0.083333333333  90.000000000000   0.000000000000   0.000000000000 -68.198590513648 -68.198590513648 -68.198590513648
    82  -1.291552438034   3.000000000000   0.286910695172   0.000000099563   0.000000099563  -0.000042085008  -0.000000295512  -0.000899984106  -0.011934650758   0.041975522020   0.060000000000   0.083333333333  90.000000000000   0.000000000000   0.000000000000 -68.198590513648 -68.198590513648 -68.198590513648
    83  -1.591552438034   3.000000000000   0.406910695172  -0.000000004127  -0.000000004127   0.000002345534   0.000000003607  -0.001864568888  -0.006422999084   0.003954908596   0.060000000000   0.083333333333  90.000000000000   0.000000000000   0.000000000000 -68.198590513648 -68.198590513648 -68.198590513648
    84  -1.891552438034   3.000000000000   0.526910695172  -0.000000036038  -0.000000036038   0.000017814837   0.000000041503  -0.002608967870  -0.006493480196  -0.004542251200   0.060000000000   0.083333333333  90.000000000000   0.000000000000   0.000000000000 -68.198590513648 -68.198590513648 -68.198590513648
    85  -2.191552438034   3.000000000000   0.646910695172  -0.000000051259  -0.000000051259   0.000029550925   0.000000059565  -0.003473127228  -0.008234731074  -0.009968172779   0.060000000000   0.083333333333  90.000000000000   0.000000000000   0.000000000000 -68.198590513648 -68.198590513648 -68.198590513648
    86  -2.491552438034   3.000000000000   0.766910695172  -0.000000051655  -0.000000051655   0.000044635144   0.000000099197  -0.004620850660  -0.011160893054  -0.014416510387   0.060000000000   0.083333333333  90.000000000000   0.000000000000   0.000000000000 -68.198590513648 -68.198590513648 -68.198590513648
    87  -2.791552438034   3.000000000000   0.886910695172  -0.000000028963  -0.000000028963   0.000071341957   0.000000193949  -0.006188699043  -0.015318971087  -0.020234139892   0.060000000000   0.083333333333  90.000000000000   0.000000000000   0.000000000000 -68.198590513648 -68.198590513648 -68.198590513648
    88  -3.091552438034   3.000000000000   1.006910695172  -0.000000157474  -0.000000157474   0.000133693496   0.000000385069  -0.008219208458  -0.016870540345   0.007304396072   0.060000000000   0.083333333333  90.000000000000   0.000000000000   0.000000000000 -68.198590513648 -68.198590513648 -68.198590513648
    89  -3.391552438034   3.000000000000   1.126910695172   0.000004046340   0.000004046340   0.000232694519   0.000004191683  -0.010545502515  -0.028684569251  -0.105754636951   0.060000000000   0.083333333333  90.000000000000   0.000000000000   0.000000000000 -68.198590513648 -68.198590513648 -68.198590513648
    90  -0.524885771367   3.000000000000   0.046910695172   0.000001076679   0.000001076679  -0.000212850154  -0.000004675870   0.007855302346  -0.047738367157   0.060364252636   0.060000000000   0.083333333333  90.000000000000   0.000000000000   0.000000000000 -68.198590513648 -68.198590513648 -68.198590513648
    91  -0.824885771367   3.000000000000   0.166910695172   0.000000343705   0.000000343705  -0.000199366998  -0.000001836665   0.002985006877  -0.033615501467   0.057326294782   0.060000000000   0.083333333333  90.000000000000   0.000000000000   0.000000000000 -68.198590513648 -68.198590513648 -68.198590513648
    92  -1.124885771367   3.000000000000   0.286910695172   0.000000280381   0.000000280381  -0.000094144347  -0.000000730585  -0.000185133173  -0.018583141328   0.067943373046   0.060000000000   0.083333333333  90.000000000000   0.000000000000   0.000000000000 -68.198590513648 -68.198590513648 -68.198590513648
    93  -1.424885771367   3.000000000000   0.406910695172   0.000000074929   0.000000074929  -0.000031837178  -0.000000149452  -0.001625401477  -0.008565929027   0.015533396124   0.060000000000   0.083333333333  90.000000000000   0.000000000000   0.000000000000 -68.198590513648 -68.198590513648 -68.198590513648
    94  -1.724885771367   3.000000000000   0.526910695172   0.000000035755   0.000000035755  -0.000014879164  -0.000000045780  -0.002493356249  -0.006962053703  -0.002167768421   0.060000000000   0.083333333333  90.000000000000   0.000000000000   0.000000000000 -68.198590513648 -68.198590513648 -68.198590513648
    95  -2.024885771367   3.000000000000   0.646910695172   0.000000023489   0.000000023489  -0.000010675594  -0.000000026842  -0.003388088865  -0.008417995016  -0.009965075852   0.060000000000   0.083333333333  90.000000000000   0.000000000000   0.000000000000 -68.198590513648 -68.198590513648 -68.198590513648
    96  -2.324885771367   3.000000000000   0.766910695172   0.000000012633   0.000000012633  -0.000007301226  -0.000000019396  -0.004561465520  -0.011466951927  -0.015442898408   0.060000000000   0.083333333333  90.000000000000   0.000000000000   0.000000000000 -68.198590513648 -68.198590513648 -68.198590513648
    97  -2.624885771367   3.000000000000   0.886910695172   0.000000001777   0.000000001777   0.000000617017   0.000000005852  -0.006189466394  -0.016159544408  -0.023662038932   0.060000000000   0.083333333333  90.000000000000   0.000000000000   0.000000000000 -68.198590513648 -68.198590513648 -68.198590513648
    98  -2.924885771367   3.000000000000   1.006910695172  -0.000000064520  -0.000000064520   0.000032131140   0.000000199524  -0.008445129815  -0.021031258131  -0.016935575430   0.060000000000   0.083333333333  90.000000000000   0.000000000000   0.000000000000 -68.198590513648 -68.198590513648 -68.198590513648
    99  -3.224885771367   3.000000000000   1.126910695172   0.000001989269   0.000001989269   0.000119886465   0.000002659071  -0.011494395255  -0.034483868828  -0.095169513705   0.060000000000   0.083333333333  90.000000000000   0.000000000000   0.000000000000 -68.198590513648 -68.198590513648 -68.198590513648
   100  -0.358219104701   3.000000000000   0.046910695172   0.000000919971   0.000000919971  -0.000130656204  -0.000002662768   0.008862477641  -0.044861233690   0.072859307520   0.060000000000   0.083333333333  90.000000000000   0.000000000000   0.000000000000 -68.198590513648 -68.198590513648 -68.198590513648
   101  -0.658219104701   3.000000000000   0.166910695172   0.000000362794   0.000000362794  -0.000166226300  -0.000001084466   0.004345981703  -0.033452397350   0.022214328648   0.060000000000   0.083333333333  90.000000000000   0.000000000000   0.000000000000 -68.198590513648 -68.198590513648 -68.198590513648
   102  -0.958219104701   3.000000000000   0.286910695172   0.000000348486   0.000000348486  -0.000124306345  -0.000000889473   0.000804416668  -0.023026414643   0.064668860576   0.060000000000   0.083333333333  90.000000000000   0.000000000000   0.000000000000 -68.198590513648 -68.198590513648 -68.198590513648
   103  -1.258219104701   3.000000000000   0.406910695172   0.000000169538   0.000000169538  -0.000062675875  -0.000000344083  -0.001146812102  -0.011482241619   0.031532581295   0.060000000000   0.083333333333  90.000000000000   0.000000000000   0.000000000000 -68.198590513648 -68.198590513648 -68.198590513648
   104  -1.558219104701   3.000000000000   0.526910695172   0.000000109456   0.000000109456  -0.000040777905  -0.000000150322  -0.002174658294  -0.007382634379   0.002630812367   0.060000000000   0.083333333333  90.000000000000   0.000000000000   0.000000000000 -68.198590513648 -68.198590513648 -68.198590513648
   105  -1.858219104701   3.000000000000   0.646910695172   0.000000109199   0.000000109199  -0.000041132550  -0.000000123432  -0.003062448201  -0.008076488745  -0.008412932083   0.060000000000   0.083333333333  90.000000000000   0.000000000000   0.000000000000 -68.198590513648 -68.198590513648 -68.198590513648
   106  -2.158219104701   3.000000000000   0.766910695172   0.000000106920   0.000000106920  -0.000047494514  -0.000000150010  -0.004182045645  -0.011071344869  -0.016544202286   0.060000000000   0.083333333333  90.000000000000   0.000000000000   0.000000000000 -68.198590513648 -68.198590513648 -68.198590513648
   107  -2.458219104701   3.000000000000   0.886910695172   0.000000073241   0.000000073241  -0.000052632547  -0.000000236155  -0.005771884316  -0.015809979193  -0.022944417074   0.060000000000   0.083333333333  90.000000000000   0.000000000000   0.000000000000 -68.198590513648 -68.198590513648 -68.198590513648
   108  -2.758219104701   3.000000000000   1.006910695172   0.000000036374   0.000000036374  -0.000047884219  -0.000000363221  -0.008043678908  -0.022789888724  -0.035221495690   0.060000000000   0.083333333333  90.000000000000   0.000000000000   0.000000000000 -68.198590513648 -68.198590513648 -68.198590513648
   109  -3.058219104701   3.000000000000   1.126910695172   0.000000374985   0.000000374985   0.000004101259   0.000000374033  -0.011518487949  -0.039004142907  -0.099897289167   0.060000000000   0.083333333333  90.000000000000   0.000000000000   0.000000000000 -68.198590513648 -68.198590513648 -68.198590513648
   110  -0.191552438034   3.000000000000   0.046910695172   0.000000299928   0.000000299928  -0.000045716628  -0.000000758723   0.009205428422  -0.041600882492   0.086265883695   0.060000000000   0.083333333333  90.000000000000   0.000000000000   0.000000000000 -68.198590513648 -68.198590513648 -68.198590513648
   111  -0.491552438034   3.000000000000   0.166910695172   0.000000263244   0.000000263244  -0.000100800621  -0.000000429823   0.005166906689  -0.030518555693   0.006086839623   0.060000000000   0.083333333333  90.000000000000   0.000000000000   0.000000000000 -68.198590513648 -68.198590513648 -68.198590513648
   112  -0.791552438034   3.000000000000   0.286910695172   0.000000323275   0.000000323275  -0.000115307053  -0.000000609579   0.001741108728  -0.024098439805   0.047414126112   0.060000000000   0.083333333333  90.000000000000   0.000000000000   0.000000000000 -68.198590513648 -68.198590513648 -68.198590513648
   113  -1.091552438034   3.000000000000   0.406910695172   0.000000249274   0.000000249274  -0.000083557454  -0.000000477368  -0.000493772741  -0.013580119823   0.040238540405   0.060000000000   0.083333333333  90.000000000000   0.000000000000   0.000000000000 -68.198590513648 -68.198590513648 -68.198590513648
   114  -1.391552438034   3.000000000000   0.526910695172   0.000000199749   0.000000199749  -0.000066228831  -0.000000284169  -0.001655847831  -0.007652726553   0.009156403517   0.060000000000   0.083333333333  90.000000000000   0.000000000000   0.000000000000 -68.198590513648 -68.198590513648 -68.198590513648
   115  -1.691552438034   3.000000000000   0.646910695172   0.000000228037   0.000000228037  -0.000071795088  -0.000000250605  -0.002494707794  -0.007201355975  -0.005394982041   0.060000000000   0.083333333333  90.000000000000   0.000000000000   0.000000000000 -68.198590513648 -68.198590513648 -68.198590513648
   116  -1.991552438034   3.000000000000   0.766910695172   0.000000265583   0.000000265583  -0.000089157608  -0.000000317629  -0.003473593868  -0.009730672165  -0.015682652872   0.060000000000   0.083333333333  90.000000000000   0.000000000000   0.000000000000 -68.198590513648 -68.198590513648 -68.198590513648
   117  -2.291552438034   3.000000000000   0.886910695172   0.000000239958   0.000000239958  -0.000108720953  -0.000000522750  -0.004904163133  -0.014729788990  -0.025976654008   0.060000000000   0.083333333333  90.000000000000   0.000000000000   0.000000000000 -68.198590513648 -68.198590513648 -68.198590513648
   118  -2.591552438034   3.000000000000   1.006910695172   0.000000161379   0.000000161379  -0.000124844310  -0.000001088036  -0.007061281747  -0.021480189862  -0.030276686590   0.060000000000   0.083333333333  90.000000000000   0.000000000000   0.000000000000 -68.198590513648 -68.198590513648 -68.198590513648
   119  -2.891552438034   3.000000000000   1.126910695172  -0.000000495183  -0.000000495183  -0.000133204441  -0.000003356045  -0.010442509253  -0.041000609163  -0.132393474252   0.060000000000   0.083333333333  90.000000000000   0.000000000000   0.000000000000 -68.198590513648 -68.198590513648 -68.198590513648
   120  -3.874885771367   2.850000000000   1.186910695172   0.003153750217  -0.000007831913   0.000000000000  -0.000000000000  -0.010798979746  -0.019063938215   0.034716352847   0.150000000000   0.083333333333 180.000000000000   0.000000000000  -0.000000000000   0.000000000000   0.000000000000   0.000000000000
   121  -3.874885771367   2.550000000000   1.186910695172   0.004191704957  -0.000000894719   0.000000000000  -0.000000000000  -0.014025201039  -0.006654280973   0.006649171294   0.150000000000   0.083333333333 180.000000000000   0.000000000000  -0.000000000000   0.000000000000   0.000000000000   0.000000000000
   122  -3.874885771367   2.250000000000   1.186910695172   0.004644850963   0.000000399756   0.000000000000  -0.000000000000  -0.015504294585  -0.003747907131   0.003038741510   0.150000000000   0.083333333333 180.000000000000   0.000000000000  -0.000000000000   0.000000000000   0.000000000000   0.000000000000
   123  -3.874885771367   1.950000000000   1.186910695172   0.004913582595   0.000001167322   0.000000000000   0.000000000000  -0.016386926099  -0.002347943699   0.001627803264   0.150000000000   0.083333333333 180.000000000000   0.000000000000  -0.000000000000   0.000000000000   0.000000000000   0.000000000000
   124  -3.874885771367   1.650000000000   1.186910695172   0.005087061632   0.000001679437   0.000000000000   0.000000000000  -0.016958813608  -0.001558017645   0.001005283582   0.150000000000   0.083333333333 180.000000000000   0.000000000000  -0.000000000000   0.000000000000   0.000000000000   0.000000000000
   125  -3.874885771367   1.350000000000   1.186910695172   0.005203503240   0.000002037818   0.000000000000   0.000000000000  -0.017343254121  -0.001054990727   0.000671472812   0.150000000000   0.083333333333 180.000000000000   0.000000000000  -0.000000000000   0.000000000000   0.000000000000   0.000000000000
   126  -3.874885771367   1.050000000000   1.186910695172   0.005282303387   0.000002291342   0.000000000000   0.000000000000  -0.017603636844  -0.000709681141   0.000479559142   0.150000000000   0.083333333333 180.000000000000   0.000000000000  -0.000000000000   0.000000000000   0.000000000000   0.000000000000
   127  -3.874885771367   0.750000000000   1.186910695172   0.005334419086   0.000002465892   0.000000000000   0.000000000000  -0.017775925720  -0.000455877082   0.000366454389   0.150000000000   0.083333333333 180.000000000000   0.000000000000  -0.000000000000   0.000000000000   0.000000000000   0.000000000000
   128  -3.874885771367   0.450000000000   1.186910695172   0.005366237437   0.000002575859   0.000000000000   0.000000000000  -0.017881142238  -0.000255128294   0.000302708237   0.150000000000   0.083333333333 180.000000000000   0.000000000000  -0.000000000000   0.000000000000   0.000000000000   0.000000000000
   129  -3.874885771367   0.150000000000   1.186910695172   0.005381338732   0.000002629093   0.000000000000   0.000000000000  -0.017931086077  -0.000082157911   0.000273859705   0.150000000000   0.083333333333 180.000000000000   0.000000000000  -0.000000000000   0.000000000000   0.000000000000   0.000000000000
   130  -3.708219104701   2.850000000000   1.186910695172   0.001280742057  -0.000002467717   0.000000000000  -0.000000000000  -0.015109238838  -0.024943223683   0.039102109976   0.150000000000   0.083333333333 180.000000000000   0.000000000000  -0.000000000000   0.000000000000   0.000000000000   0.000000000000
   131  -3.708219104701   2.550000000000   1.186910695172   0.001699643687  -0.000001118913   0.000000000000  -0.000000000000  -0.019721609071  -0.010129864707   0.010275753280   0.150000000000   0.083333333333 180.000000000000   0.000000000000  -0.000000000000   0.000000000000   0.000000000000   0.000000000000
   132  -3.708219104701   2.250000000000   1.186910695172   0.001933814040  -0.000000619005   0.000000000000  -0.000000000000  -0.021963949416  -0.005673729106   0.004578032057   0.150000000000   0.083333333333 180.000000000000   0.000000000000  -0.000000000000   0.000000000000   0.000000000000   0.000000000000
   133  -3.708219104701   1.950000000000   1.186910695172   0.002071782327  -0.000000369004   0.000000000000   0.000000000000  -0.023300679255  -0.003548696436   0.002505410175   0.150000000000   0.083333333333 180.000000000000   0.000000000000  -0.000000000000   0.000000000000   0.000000000000   0.000000000000
   134  -3.708219104701   1.650000000000   1.186910695172   0.002159453394  -0.000000219594   0.000000000000   0.000000000000  -0.024161681205  -0.002337182805   0.001532968595   0.150000000000   0.083333333333 180.000000000000   0.000000000000  -0.000000000000   0.000000000000   0.000000000000   0.000000000000
   135  -3.708219104701   1.350000000000   1.186910695172   0.002217078322  -0.000000121811   0.000000000000   0.000000000000  -0.024736504057  -0.001572537429   0.001015849326   0.150000000000   0.083333333333 180.000000000000   0.000000000000  -0.000000000000   0.000000000000   0.000000000000   0.000000000000
   136  -3.708219104701   1.050000000000   1.186910695172   0.002255372581  -0.000000055547   0.000000000000   0.000000000000  -0.025123524297  -0.001052167179   0.000718718173   0.150000000000   0.083333333333 180.000000000000   0.000000000000  -0.000000000000   0.000000000000   0.000000000000   0.000000000000
   137  -3.708219104701   0.750000000000   1.186910695172   0.002280332628  -0.000000011348   0.000000000000   0.000000000000  -0.025378408169  -0.000673180999   0.000544569094   0.150000000000   0.083333333333 180.000000000000   0.000000000000  -0.000000000000   0.000000000000   0.000000000000   0.000000000000
   138  -3.708219104701   0.450000000000   1.186910695172   0.002295413320   0.000000015559   0.000000000000   0.000000000000  -0.025533549361  -0.000375747679   0.000446875308   0.150000000000   0.083333333333 180.000000000000   0.000000000000  -0.000000000000   0.000000000000   0.000000000000   0.000000000000
   139  -3.708219104701   0.150000000000   1.186910695172   0.002302525532   0.000000027573   0.000000000000   0.000000000000  -0.025607046391  -0.000120842543   0.000402808477   0.150000000000   0.083333333333 180.000000000000   0.000000000000  -0.000000000000   0.000000000000   0.000000000000   0.000000000000
   140  -3.541552438034   2.850000000000   1.186910695172   0.000813475021  -0.000001811766   0.000000000000  -0.000000000000  -0.017863587281  -0.028175459883   0.043998886007   0.150000000000   0.083333333333 180.000000000000   0.000000000000  -0.000000000000   0.000000000000   0.000000000000   0.000000000000
   141  -3.541552438034   2.550000000000   1.186910695172   0.001014651246  -0.000000809445   0.000000000000  -0.000000000000  -0.023108632528  -0.011806888588   0.010563018310   0.150000000000   0.083333333333 180.000000000000   0.000000000000  -0.000000000000   0.000000000000   0.000000000000   0.000000000000
   142  -3.541552438034   2.250000000000   1.186910695172   0.001151612527  -0.000000393177   0.000000000000  -0.000000000000  -0.025811648735  -0.006957361320   0.005602072583   0.150000000000   0.083333333333 180.000000000000   0.000000000000  -0.000000000000   0.000000000000   0.000000000000   0.000000000000
   143  -3.541552438034   1.950000000000   1.186910695172   0.001243690221  -0.000000203989   0.000000000000   0.000000000000  -0.027451331341  -0.004351594340   0.003083817351   0.150000000000   0.083333333333 180.000000000000   0.000000000000  -0.000000000000   0.000000000000   0.000000000000   0.000000000000
   144  -3.541552438034   1.650000000000   1.186910695172   0.001302370264  -0.000000094963   0.000000000000   0.000000000000  -0.028505964015  -0.002857276372   0.001897242540   0.150000000000   0.083333333333 180.000000000000   0.000000000000  -0.000000000000   0.000000000000   0.000000000000   0.000000000000
   145  -3.541552438034   1.350000000000   1.186910695172   0.001340579115  -0.000000024947   0.000000000000   0.000000000000  -0.029206944810  -0.001912927000   0.001250588700   0.150000000000   0.083333333333 180.000000000000   0.000000000000  -0.000000000000   0.000000000000   0.000000000000   0.000000000000
   146  -3.541552438034   1.050000000000   1.186910695172   0.001365597903   0.000000022181   0.000000000000   0.000000000000  -0.029676641781  -0.001274198511   0.000878506266   0.150000000000   0.083333333333 180.000000000000   0.000000000000  -0.000000000000   0.000000000000   0.000000000000   0.000000000000
   147  -3.541552438034   0.750000000000   1.186910695172   0.001381689615   0.000000053712   0.000000000000   0.000000000000  -0.029984733224  -0.000812394128   0.000660841677   0.150000000000   0.083333333333 180.000000000000   0.000000000000  -0.000000000000   0.000000000000   0.000000000000   0.000000000000
   148  -3.541552438034   0.450000000000   1.186910695172   0.001391314899   0.000000073258   0.000000000000   0.000000000000  -0.030171713610  -0.000452394441   0.000539157279   0.150000000000   0.083333333333 180.000000000000   0.000000000000  -0.000000000000   0.000000000000   0.000000000000   0.000000000000
   149  -3.541552438034   0.150000000000   1.186910695172   0.001395826984   0.000000082643   0.000000000000   0.000000000000  -0.030260139554  -0.000145323629   0.000484412096   0.150000000000   0.083333333333 180.000000000000   0.000000000000  -0.000000000000   0.000000000000   0.000000000000   0.000000000000
   150  -3.374885771367   2.850000000000   1.186910695172   0.000517536195  -0.000000860219   0.000000000000  -0.000000000000  -0.019644105063  -0.030603355249   0.051002850743   0.150000000000   0.083333333333 180.000000000000   0.000000000000  -0.000000000000   0.000000000000   0.000000000000   0.000000000000
   151  -3.374885771367   2.550000000000   1.186910695172   0.000618941495  -0.000000459861   0.000000000000  -0.000000000000  -0.025166165611  -0.012419118665   0.009611271206   0.150000000000   0.083333333333 180.000000000000   0.000000000000  -0.000000000000   0.000000000000   0.000000000000   0.000000000000
   152  -3.374885771367   2.250000000000   1.186910695172   0.000686898863  -0.000000204699   0.000000000000   0.000000000000  -0.028105768900  -0.007704117256   0.006105400157   0.150000000000   0.083333333333 180.000000000000   0.000000000000  -0.000000000000   0.000000000000   0.000000000000   0.000000000000
   153  -3.374885771367   1.950000000000   1.186910695172   0.000742014308  -0.000000087495   0.000000000000   0.000000000000  -0.029927628933  -0.004842355428   0.003433805934   0.150000000000   0.083333333333 180.000000000000   0.000000000000  -0.000000000000   0.000000000000   0.000000000000   0.000000000000
   154  -3.374885771367   1.650000000000   1.186910695172   0.000777879166  -0.000000018461   0.000000000000   0.000000000000  -0.031100683503  -0.003173944879   0.002127562562   0.150000000000   0.083333333333 180.000000000000   0.000000000000  -0.000000000000   0.000000000000   0.000000000000   0.000000000000
   155  -3.374885771367   1.350000000000   1.186910695172   0.000800951301   0.000000026468   0.000000000000   0.000000000000  -0.031877800252  -0.002116259551   0.001398055199   0.150000000000   0.083333333333 180.000000000000   0.000000000000  -0.000000000000   0.000000000000   0.000000000000   0.000000000000
   156  -3.374885771367   1.050000000000   1.186910695172   0.000815749022   0.000000056935   0.000000000000   0.000000000000  -0.032396347304  -0.001404015165   0.000976092754   0.150000000000   0.083333333333 180.000000000000   0.000000000000  -0.000000000000   0.000000000000   0.000000000000   0.000000000000
   157  -3.374885771367   0.750000000000   1.186910695172   0.000825078295   0.000000077391   0.000000000000   0.000000000000  -0.032735251343  -0.000892330674   0.000729522217   0.150000000000   0.083333333333 180.000000000000   0.000000000000  -0.000000000000   0.000000000000   0.000000000000   0.000000000000
   158  -3.374885771367   0.450000000000   1.186910695172   0.000830572787   0.000000090090   0.000000000000   0.000000000000  -0.032940386139  -0.000495851925   0.000592073615   0.150000000000   0.083333333333 180.000000000000   0.000000000000  -0.000000000000   0.000000000000   0.000000000000   0.000000000000
   159  -3.374885771367   0.150000000000   1.186910695172   0.000833123828   0.000000096191   0.000000000000   0.000000000000  -0.033037243129  -0.000159114920   0.000530383067   0.150000000000   0.083333333333 180.000000000000   0.000000000000  -0.000000000000   0.000000000000   0.000000000000   0.000000000000
   160  -3.208219104701   2.850000000000   1.186910695172   0.000239376832  -0.000000231976   0.000000000000  -0.000000000000  -0.020511994633  -0.032923220641   0.060228656553   0.150000000000   0.083333333333 180.000000000000   0.000000000000  -0.000000000000   0.000000000000   0.000000000000   0.000000000000
   161  -3.208219104701   2.550000000000   1.186910695172   0.000293157280  -0.000000166249   0.000000000000  -0.000000000000  -0.026134751258  -0.012337620340   0.008390011118   0.150000000000   0.083333333333 180.000000000000   0.000000000000  -0.000000000000   0.000000000000   0.000000000000   0.000000000000
   162  -3.208219104701   2.250000000000   1.186910695172   0.000306871132  -0.000000065747   0.000000000000   0.000000000000  -0.029129753899  -0.007954514197   0.006220342690   0.150000000000   0.083333333333 180.000000000000   0.000000000000  -0.000000000000   0.000000000000   0.000000000000   0.000000000000
   163  -3.208219104701   1.950000000000   1.186910695172   0.000326153822  -0.000000016931   0.000000000000   0.000000000000  -0.031015892180  -0.005017173432   0.003570793194   0.150000000000   0.083333333333 180.000000000000   0.000000000000  -0.000000000000   0.000000000000   0.000000000000   0.000000000000
   164  -3.208219104701   1.650000000000   1.186910695172   0.000338607086   0.000000013235   0.000000000000   0.000000000000  -0.032230033632  -0.003279508316   0.002221423858   0.150000000000   0.083333333333 180.000000000000   0.000000000000  -0.000000000000   0.000000000000   0.000000000000   0.000000000000
   165  -3.208219104701   1.350000000000   1.186910695172   0.000345936149   0.000000033269   0.000000000000   0.000000000000  -0.033031228334  -0.002176925401   0.001453852528   0.150000000000   0.083333333333 180.000000000000   0.000000000000  -0.000000000000   0.000000000000   0.000000000000   0.000000000000
   166  -3.208219104701   1.050000000000   1.186910695172   0.000350114928   0.000000046920   0.000000000000   0.000000000000  -0.033563482703  -0.001438260234   0.001008364696   0.150000000000   0.083333333333 180.000000000000   0.000000000000  -0.000000000000   0.000000000000   0.000000000000   0.000000000000
   167  -3.208219104701   0.750000000000   1.186910695172   0.000352452947   0.000000056069   0.000000000000   0.000000000000  -0.033910051178  -0.000911151107   0.000748665726   0.150000000000   0.083333333333 180.000000000000   0.000000000000  -0.000000000000   0.000000000000   0.000000000000   0.000000000000
   168  -3.208219104701   0.450000000000   1.186910695172   0.000353696824   0.000000061730   0.000000000000   0.000000000000  -0.034119262318  -0.000505227982   0.000604411357   0.150000000000   0.083333333333 180.000000000000   0.000000000000  -0.000000000000   0.000000000000   0.000000000000   0.000000000000
   169  -3.208219104701   0.150000000000   1.186910695172   0.000354236181   0.000000064442   0.000000000000   0.000000000000  -0.034217886524  -0.000161952287   0.000539840958   0.150000000000   0.083333333333 180.000000000000   0.000000000000  -0.000000000000   0.000000000000   0.000000000000   0.000000000000
   170  -3.041552438034   2.850000000000   1.186910695172  -0.000092990525  -0.000000017833  -0.000000000000  -0.000000000000  -0.020290862109  -0.035268171241   0.072065516109   0.150000000000   0.083333333333 180.000000000000   0.000000000000  -0.000000000000   0.000000000000   0.000000000000   0.000000000000
   171  -3.041552438034   2.550000000000   1.186910695172  -0.000081883424   0.000000019337  -0.000000000000  -0.000000000000  -0.025850835513  -0.011567774667   0.006935805803   0.150000000000   0.083333333333 180.000000000000   0.000000000000  -0.000000000000   0.000000000000   0.000000000000   0.000000000000
   172  -3.041552438034   2.250000000000   1.186910695172  -0.000123814608   0.000000012016  -0.000000000000  -0.000000000000  -0.028716009691  -0.007660481850   0.006088503588   0.150000000000   0.083333333333 180.000000000000   0.000000000000  -0.000000000000   0.000000000000   0.000000000000   0.000000000000
   173  -3.041552438034   1.950000000000   1.186910695172  -0.000146963946  -0.000000005058  -0.000000000000  -0.000000000000  -0.030525231266  -0.004794610946   0.003464399425   0.150000000000   0.083333333333 180.000000000000   0.000000000000  -0.000000000000   0.000000000000   0.000000000000   0.000000000000
   174  -3.041552438034   1.650000000000   1.186910695172  -0.000164419129  -0.000000019155  -0.000000000000  -0.000000000000  -0.031681471677  -0.003111345629   0.002146484965   0.150000000000   0.083333333333 180.000000000000   0.000000000000  -0.000000000000   0.000000000000   0.000000000000   0.000000000000
   175  -3.041552438034   1.350000000000   1.186910695172  -0.000177648183  -0.000000030559  -0.000000000000  -0.000000000000  -0.032438696179  -0.002050180777   0.001390731208   0.150000000000   0.083333333333 180.000000000000   0.000000000000  -0.000000000000   0.000000000000   0.000000000000   0.000000000000
   176  -3.041552438034   1.050000000000   1.186910695172  -0.000187446002  -0.000000039422  -0.000000000000  -0.000000000000  -0.032938392539  -0.001346514534   0.000954822937   0.150000000000   0.083333333333 180.000000000000   0.000000000000  -0.000000000000   0.000000000000   0.000000000000   0.000000000000
   177  -3.041552438034   0.750000000000   1.186910695172  -0.000194330108  -0.000000045907  -0.000000000000  -0.000000000000  -0.033262090725  -0.000849325962   0.000702472304   0.150000000000   0.083333333333 180.000000000000   0.000000000000  -0.000000000000   0.000000000000   0.000000000000   0.000000000000
   178  -3.041552438034   0.450000000000   1.186910695172  -0.000198696178  -0.000000050149  -0.000000000000  -0.000000000000  -0.033456799761  -0.000469625983   0.000563194292   0.150000000000   0.083333333333 180.000000000000   0.000000000000  -0.000000000000   0.000000000000   0.000000000000   0.000000000000
   179  -3.041552438034   0.150000000000   1.186910695172  -0.000200811993  -0.000000052245  -0.000000000000  -0.000000000000  -0.033548396903  -0.000150333848   0.000501112825   0.150000000000   0.083333333333 180.000000000000   0.000000000000  -0.000000000000   0.000000000000   0.000000000000   0.000000000000


wake shape after timestep: 2
 span time              xo               yo               zo               nu          epsilon              psi                U                V                W                A                B                C              eta              xsi                K            phiLE             phi0            phiTE	#
    0    0   0.666687652456   0.150032177453  -0.004321860765  -0.001412354075  -0.999999999696  -0.000024648977  -0.000033787681   0.000128225682  -0.007607669247   0.026213707996  -0.000087412199  -0.000291311744   0.150032055158   0.125000000000   0.012298422942   0.000048940349   0.000048940349   0.000048940349
    1    0   0.666688326023   0.450098440080  -0.004335110704  -0.004314257238  -0.999999997166  -0.000075294171  -0.000030688360   0.000392299413  -0.007667597472   0.026160543369  -0.000271643565  -0.000322657496   0.150033963745   0.125000000000   0.012287722730   0.000147058852   0.000147058852   0.000147058852
    2    0   0.666689678713   0.750170558706  -0.004362405924  -0.007463253882  -0.999999991518  -0.000130251740  -0.000024427482   0.000679777124  -0.007790851976   0.026048339416  -0.000487122531  -0.000395432734   0.150037907380   0.125000000000   0.012264144868   0.000245210955   0.000245210955   0.000245210955
    3    0   0.666691715856   1.050252847245  -0.004405576432  -0.011112631775  -0.999999981195  -0.000193942165  -0.000014896326   0.001007924406  -0.007985265818   0.025863412172  -0.000766329493  -0.000534999799   0.150044133534   0.125000000000   0.012222497339   0.000340639905   0.000340639905   0.000340639905
    4    0   0.666694425591   1.350350224243  -0.004467929853  -0.015619742351  -0.999999962848  -0.000272602089  -0.000001998067   0.001396485972  -0.008265073493   0.025579287020  -0.001167014320  -0.000800176072   0.150053015253   0.125000000000   0.012152401744   0.000424292938   0.000424292938   0.000424292938
    5    0   0.666697755683   1.650468565564  -0.004555591443  -0.021794980951  -0.999999927665  -0.000380374857   0.000014243036   0.001869194110  -0.008656753047   0.025145392324  -0.001801640230  -0.001314389688   0.150065178210   0.125000000000   0.012033313722   0.000473260211   0.000473260211   0.000473260211
    6    0   0.666701579983   1.950616075893  -0.004678659968  -0.030506206715  -0.999999858286  -0.000532406693   0.000033364572   0.002459471255  -0.009204390729   0.024462004483  -0.002913395964  -0.002389578583   0.150082423197   0.125000000000   0.011822848089   0.000439303723   0.000439303723   0.000439303723
    7    0   0.666705771611   2.250811516726  -0.004848661631  -0.041790037740  -0.999999734061  -0.000729336659   0.000053873253   0.003243638943  -0.009961624396   0.023317669011  -0.005072891414  -0.004803785914   0.150113679909   0.125000000000   0.011423998326   0.000256405003   0.000256405003   0.000256405003
    8    0   0.666714215137   2.551144897553  -0.005232182025  -0.115539727670  -0.999997967179  -0.002016444921   0.000085727179   0.004581271250  -0.011610735857   0.021262449802  -0.009267749298  -0.009161930011   0.150221073426   0.125000000000   0.010599841182   0.000036330175   0.000036330175   0.000036330175
    9    0   0.666670106415   2.852316162192  -0.002729264033   1.039990010286  -0.999835304030   0.018149332012  -0.000079445224   0.009254378858  -0.001864582990   0.016573368190  -0.028915837610  -0.055955464886   0.150972370835   0.125000000000   0.008114477106   0.000433171275   0.000433171275   0.000433171275
   10    0   0.516527761669   3.001293129160   0.059442388620  91.974338584898   0.034455384355   0.999406297205  -0.000421166245   0.004508411012   0.006235965346   0.008427244757  -0.035092119678   0.086539815981   0.061932049430   0.125000000000   0.004083395924 -67.427162249969 -67.427162249969 -67.427162249969
   11    0   0.216582245437   2.998975102008   0.178289018206  90.093232086693   0.001627371408   0.999998675965   0.000121833205  -0.004432114639   0.001517277500   0.005060032139  -0.024735725647  -0.002919053696   0.062140393452   0.125000000000   0.002739167923 -67.329110865457 -67.329110865457 -67.329110865457
   12    0  -0.083072865563   2.998484589282   0.297628772246  89.993069206486  -0.000120977451   0.999999992683   0.001542158365  -0.004806373567  -0.000620419897   0.002094583699  -0.020221804293   0.038990799464   0.062536594672   0.125000000000   0.001499461770 -67.197521302138 -67.197521302138 -67.197521302138
   13    0  -0.382727294040   2.998834751297   0.417599995667  89.523631702681  -0.008314943704   0.999965433768   0.002549354098  -0.002689876441  -0.000445930108   0.000157817255  -0.010950193404   0.035034679712   0.062722240953   0.125000000000   0.000583522365 -67.151412667625 -67.151412667625 -67.151412667625
   14    0  -0.682636731376   2.999942004679   0.537857654353  89.483643924133  -0.009012906753   0.999959387055   0.002505790355   0.001658088493   0.000484644060  -0.000765515261  -0.005379189727   0.009373867760   0.062732719369   0.125000000000   0.000198667225 -67.169069895147 -67.169069895147 -67.169069895147
   15    0  -0.982800673621   3.000945609834   0.658091623856  89.647719612089  -0.006149038278   0.999981096405   0.001791842503   0.005461147854   0.001167354373  -0.001337732272  -0.004467383111  -0.002108844785   0.062662225651   0.125000000000   0.000062094298 -67.194223413402 -67.194223413402 -67.194223413402
   16    0  -1.282977184777   3.001641182415   0.778220771767  89.694561579754  -0.005331422190   0.999985789311   0.001168571770   0.008338869414   0.001578258817  -0.001960811601  -0.005956105692  -0.009770024882   0.062662725001   0.125000000000  -0.000015107199 -67.188983625667 -67.188983625667 -67.188983625667
   17    0  -1.583087759366   3.002177233417   0.898400911352  89.735273832126  -0.004620795998   0.999989325149   0.000790453950   0.010834771766   0.002266584911  -0.002921089111  -0.010313122432  -0.024968792297   0.062729985860   0.125000000000  -0.000112308686 -67.163495352273 -67.163495352273 -67.163495352273
   18    0  -1.883158692015   3.002653397488   1.018876576015  89.731597858650  -0.004684959659   0.999989026631   0.000556695248   0.013174284901   0.004165496695  -0.004656443984  -0.018005649184  -0.036210428690   0.062964495887   0.125000000000  -0.000349194407 -67.084742083545 -67.084742083545 -67.084742083545
   19    0  -2.183211104355   3.000205951881   1.139958396028  92.430844846477   0.042417818952   0.999100050549   0.000371018977   0.003588959290   0.008699721987  -0.007895009755  -0.039260987112  -0.131573883748   0.063444943160   0.125000000000  -0.001657465441 -66.927061573593 -66.927061573593 -66.927061573593
   20    0  -2.333134335617   2.848484285274   1.197741089555 181.102968765537   0.999814753684  -0.019248270659   0.000615954063  -0.004793467828   0.000315107426  -0.017621400404  -0.033794975619   0.074152168167   0.149431953186   0.125000000000  -0.008060464456   0.013078348171   0.013078348171   0.013078348171
   21    0  -2.333065752220   2.549569142425   1.195254431765 179.817380521629   0.999994921559   0.003187143965   0.000830520001  -0.001835680253  -0.009276397762  -0.022606786565  -0.009601977768   0.006778430997   0.149857039792   0.125000000000  -0.010805678324  -0.008535569093  -0.008535569093  -0.008535569093
   22    0  -2.333098009613   2.249743980352   1.195812016821 179.953811458859   0.999999675133   0.000806101105   0.000712772780  -0.001011283293  -0.006884407974  -0.024912872109  -0.006027072940   0.005146517264   0.149937670636   0.125000000000  -0.011455927115   0.001272091111   0.001272091111   0.001272091111
   23    0  -2.333093662699   1.949833875733   1.195999150458 179.960200455352   0.999999758791   0.000694597773   0.000742658450  -0.000635706209  -0.005983709729  -0.026308783514  -0.003623629521   0.002867701163   0.149968519968   0.125000000000  -0.011840532205   0.003083608815   0.003083608815   0.003083608815
   24    0  -2.333081817298   1.649884794166   1.196152325416 179.971048423404   0.999999872362   0.000505274660   0.000793183291  -0.000434690912  -0.005262993105  -0.027164844352  -0.002265483556   0.001660261074   0.149981281519   0.125000000000  -0.012045822822   0.002942570980   0.002942570980   0.002942570980
   25    0  -2.333069981355   1.349917726355   1.196263059978 179.979481475510   0.999999935890   0.000358097621   0.000839970805  -0.000308447010  -0.004744182945  -0.027708925713  -0.001454778345   0.001042385859   0.149987186262   0.125000000000  -0.012164011763   0.002389838102   0.002389838102   0.002389838102
   26    0  -2.333060229659   1.049941701984   1.196340938169 179.985800326501   0.999999969296   0.000247818471   0.000877411835  -0.000217939731  -0.004379989365  -0.028059501613  -0.000935745957   0.000687856081   0.149990201138   0.125000000000  -0.012234119283   0.001792252059   0.001792252059   0.001792252059
   27    0  -2.333053000467   0.749960881558   1.196393621145 179.990739746285   0.999999986942   0.000161613711   0.000904797355  -0.000146068049  -0.004133854559  -0.028282717982  -0.000581847201   0.000491878142   0.149991837504   0.125000000000  -0.012276000324   0.001232862148   0.001232862148   0.001232862148
   28    0  -2.333048274559   0.449977420039   1.196426177771 179.994769908454   0.999999995835   0.000091277683   0.000922584202  -0.000084278162  -0.003981809484  -0.028415397144  -0.000318716572   0.000385269425   0.149992717607   0.125000000000  -0.012299796346   0.000718895552   0.000718895552   0.000718895552
   29    0  -2.333045947211   0.149992611279   1.196441731882 179.998309261643   0.999999999565   0.000029507453   0.000931317642  -0.000027574825  -0.003909185753  -0.028477386941  -0.000101570678   0.000338584484   0.149993107248   0.125000000000  -0.012310619043   0.000236038689   0.000236038689   0.000236038689

    0    1   0.416715334063   0.150032056420  -0.008446569726  -0.001412213635  -0.890667933782   0.000033522338  -0.000033787681   0.000128225682  -0.007607669247   0.026213707997  -0.000087412243  -0.000291311889   0.150032055158   0.125006460085   0.020320706963   0.000107109348   0.000107109348   0.000107109348
    1    1   0.416716108893   0.450098074853  -0.008461551782  -0.004313835975  -0.891462471970   0.000100283174  -0.000030688360   0.000392299413  -0.007667597472   0.026160543364  -0.000271643434  -0.000322656769   0.150033963744   0.125006385772   0.020287881450   0.000322629243   0.000322629243   0.000322629243
    2    1   0.416717674113   0.750169944281  -0.008492365408  -0.007462553121  -0.893076449527   0.000165302440  -0.000024427482   0.000679777124  -0.007790851976   0.026048339437  -0.000487123010  -0.000395435497   0.150037907375   0.125006228059   0.020218330002   0.000540753558   0.000540753558   0.000540753558
    3    1   0.416720056901   1.050251981102  -0.008540968869  -0.011111657291  -0.895568810603   0.000223316871  -0.000014896326   0.001007924406  -0.007985265818   0.025863412094  -0.000766327705  -0.000534989478   0.150044133524   0.125005967255   0.020102856687   0.000757882822   0.000757882822   0.000757882822
    4    1   0.416723281466   1.350349121493  -0.008610920787  -0.015618514394  -0.899054857010   0.000260373547  -0.000001998067   0.001396485972  -0.008265073493   0.025579287309  -0.001167020995  -0.000800214593   0.150053015236   0.125005571486   0.019923280203   0.000957248224   0.000957248224   0.000957248224
    5    1   0.416727341742   1.650467298528  -0.008708840676  -0.021793546941  -0.903761450119   0.000236994752   0.000014243036   0.001869194110  -0.008656753047   0.025145391245  -0.001801615323  -0.001314245943   0.150065178188   0.125005002777   0.019643830165   0.001090605997   0.001090605997   0.001090605997
    6    1   0.416732122126   1.950614867814  -0.008845750096  -0.030504682059  -0.910111566287   0.000069194204   0.000033364572   0.002459471255  -0.009204390729   0.024462008510  -0.002913488916  -0.002390114960   0.150082423176   0.125004265890   0.019190907897   0.001040879207   0.001040879207   0.001040879207
    7    1   0.416737249296   2.250810909736  -0.009035058513  -0.041788643428  -0.918966359799  -0.000392003315   0.000053873253   0.003243638943  -0.009961624396   0.023317653979  -0.005072544556  -0.004801784725   0.150113679903   0.125003638619   0.018398808942   0.000593714998   0.000593714998   0.000593714998
    8    1   0.416745212778   2.551145317812  -0.009447336378  -0.115537296151  -0.932139864543  -0.002072211533   0.000085727179   0.004581271250  -0.011610735857   0.021262505925  -0.009269043240  -0.009169391053   0.150221073426   0.125004583127   0.016897680535  -0.000019477434  -0.000019477434  -0.000019477434
    9    1   0.416703919677   2.852313594715  -0.007010798161   1.039978434936  -0.962404779197   0.018646763466  -0.000079445224   0.009254378858  -0.001864582990   0.016573158091  -0.028911023355  -0.055927811461   0.150972370819   0.125002865430   0.012918887997   0.000930800934   0.000930800934   0.000930800934
   10    1   0.266618489422   3.001127102753   0.055014338923  91.787702853318   0.108249180457   1.027321305440  -0.000421166245   0.004508411012   0.006235965346   0.008426911269  -0.035059127338   0.086599256889   0.062004022812   0.124948617638   0.006676359237 -67.399479665425 -67.399479665425 -67.399479665425
   11    1  -0.033245760716   2.998891971340   0.173834666961  90.001258709162   0.038173883428   1.042935035855   0.000121833205  -0.004432114639   0.001517277500   0.005060222250  -0.024700579465  -0.003055790251   0.062251773709   0.124867758018   0.004120317233 -67.286206450823 -67.286206450823 -67.286206450823
   12    1  -0.332890679426   2.998798406608   0.293300242612  90.338277636799  -0.138210716690   0.986121657953   0.001542158365  -0.004806373567  -0.000620419897   0.002094852728  -0.020227263510   0.038830504492   0.062499480045   0.124855707153   0.001922367454 -67.211816364199 -67.211816364199 -67.211816364199
   13    1  -0.632638880493   2.999327530890   0.413343865059  90.063905818839  -0.224936450501   0.951602029347   0.002549354098  -0.002689876441  -0.000445930108   0.000157833890  -0.010971153577   0.035165971404   0.062593710282   0.124948820185   0.000412538579 -67.200875810664 -67.200875810664 -67.200875810664
   14    1  -0.932649771428   3.000414522123   0.533576508601  90.001603368091  -0.216502520345   0.962045294044   0.002505790355   0.001658088493   0.000484644060  -0.000765545605  -0.005387911398   0.009427411671   0.062631450092   0.125050598320  -0.000285215787 -67.208003336858 -67.208003336858 -67.208003336858
   15    1  -1.232828258391   3.001365286964   0.653747186179  90.108301494424  -0.190419808020   0.991281992967   0.001791842503   0.005461147854   0.001167354373  -0.001337752819  -0.004469432250  -0.002094796222   0.062637543562   0.125066030964  -0.000645102543 -67.203712597804 -67.203712597804 -67.203712597804
   16    1  -1.532984076074   3.002084717354   0.773849912290  90.181214957391  -0.200084226873   1.003826062046   0.001168571770   0.008338869414   0.001578258817  -0.001960817879  -0.005955538973  -0.009762823553   0.062670442459   0.125045882855  -0.000978164081 -67.186015728804 -67.186015728804 -67.186015728804
   17    1  -1.833078605530   3.002708692941   0.894021993814  90.317687267657  -0.237994594173   1.008341376466   0.000790453950   0.010834771766   0.002266584911  -0.002921101124  -0.010309731172  -0.024944911523   0.062748493877   0.125030324461  -0.001466969825 -67.156376409820 -67.156376409820 -67.156376409820
   18    1  -2.133137045205   3.003293571225   1.014496721760  90.430523698120  -0.285858033998   1.009708459767   0.000556695248   0.013174284901   0.004165496695  -0.004656415905  -0.018001364404  -0.036207912468   0.062985155243   0.125018359416  -0.002438994593 -67.076794778473 -67.076794778473 -67.076794778473
   19    1  -2.433183464273   3.000897239823   1.135630278083  93.181024531418  -0.261792819049   0.999937725705   0.000371018977   0.003588959290   0.008699721987  -0.007894991287  -0.039260037445  -0.131594101127   0.063443387366   0.125011740286  -0.005029007555 -66.927660073146 -66.927660073146 -66.927660073146
   20    1  -2.583122230501   2.848801633043   1.193534124443 181.102929864703   0.930875908609   0.127540416944   0.000615954063  -0.004793467828   0.000315107426  -0.017621416284  -0.033795458531   0.074154875175   0.149431375402   0.125023742978  -0.013320081312   0.159866380386   0.159866380386   0.159866380386
   21    1  -2.583068589017   2.549541079937   1.191136248145 179.817403541389   0.887497268702  -0.010030899143   0.000830520001  -0.001835680253  -0.009276397762  -0.022606782749  -0.009601889977   0.006777922145   0.149857030654   0.125036876713  -0.017742908890  -0.021753233049  -0.021753233049  -0.021753233049
   22    1  -2.583098025822   2.249747179177   1.191734245592 179.953810393007   0.868962852921   0.002166338578   0.000712772780  -0.001011283293  -0.006884407974  -0.024912873136  -0.006027096682   0.005146654330   0.149937670514   0.125033433944  -0.019261309266   0.002632311200   0.002632311200   0.002632311200
   23    1  -2.583090554404   1.949841073448   1.191959420154 179.960194265024   0.851553011330   0.003889992690   0.000742658450  -0.000635706209  -0.005983709729  -0.026308783239  -0.003623623175   0.002867664454   0.149968519285   0.125029738819  -0.020153059910   0.006278903713   0.006278903713   0.006278903713
   24    1  -2.583077923194   1.649891327272   1.192139599310 179.971041581826   0.839185620829   0.003417997329   0.000793183291  -0.000434690912  -0.005262993105  -0.027164844426  -0.002265485269   0.001660270933   0.149981280934   0.125028554640  -0.020673576746   0.005855183847   0.005855183847   0.005855183847
   25    1  -2.583066226316   1.349922888248   1.192269301850 179.979475464113   0.830494034753   0.002662989310   0.000839970805  -0.000308447010  -0.004744182945  -0.027708925694  -0.001454777892   0.001042383230   0.149987185889   0.125028417258  -0.020992551712   0.004694633768   0.004694633768   0.004694633768
   26    1  -2.583056866058   1.049945515067   1.192360350245 179.985795594182   0.824457115487   0.001951775527   0.000877411835  -0.000217939731  -0.004379989365  -0.028059501619  -0.000935746081   0.000687856790   0.149990200933   0.125028618408  -0.021192593614   0.003496133773   0.003496133773   0.003496133773
   27    1  -2.583050019678   0.749963482988   1.192421883946 179.990736387987   0.820399329661   0.001324770366   0.000904797355  -0.000146068049  -0.004133854559  -0.028282717981  -0.000581847168   0.000491877954   0.149991837408   0.125028874109  -0.021317454538   0.002395965455   0.002395965455   0.002395965455
   28    1  -2.583045572966   0.449978930459   1.192459895215 179.994767913512   0.817898248099   0.000766850547   0.000922584202  -0.000084278162  -0.003981809484  -0.028415397145  -0.000318716581   0.000385269476   0.149992717575   0.125029075278  -0.021390695219   0.001394436768   0.001394436768   0.001394436768
   29    1  -2.583043389606   0.149993106294   1.192478051148 179.998308600863   0.816705178043   0.000250953719   0.000931317642  -0.000027574825  -0.003909185753  -0.028477386941  -0.000101570675   0.000338584475   0.149993107245   0.125029182130  -0.021424653546   0.000457474479   0.000457474479   0.000457474479

    0    2   0.166752436432   0.150015967694  -0.011739516355  -0.000788150872  -0.618814391993   0.007311779312  -0.000037683049   0.000063870776  -0.003327049326   0.026213708028  -0.000087422845  -0.000291378470   0.150015965812   0.124978831315   0.026211522224   0.007353295558   0.007353295558   0.007353295558
    1    2   0.166752874478   0.450048854813  -0.011747873442  -0.002405464733  -0.614982040993   0.022371307956  -0.000035930862   0.000195419252  -0.003360477673   0.026160543253  -0.000271671197  -0.000322715312   0.150016908654   0.124979187887   0.026158122342   0.022497104298   0.022497104298   0.022497104298
    2    2   0.166753763353   0.750084664928  -0.011765039458  -0.004154290944  -0.607110404712   0.038769766462  -0.000032375363   0.000338659713  -0.003429141737   0.026048340077  -0.000487198011  -0.000395621291   0.150018855700   0.124979912772   0.026045372171   0.038983473379   0.038983473379   0.038983473379
    3    2   0.166755127570   1.050125557479  -0.011792057664  -0.006169930846  -0.594721735514   0.057496013544  -0.000026918494   0.000502229916  -0.003537214564   0.025863410306  -0.000766395623  -0.000534909492   0.150021927046   0.124981027947   0.025859397312   0.057803355841   0.057803355841   0.057803355841
    4    2   0.166756997268   1.350174009371  -0.011830832872  -0.008645965001  -0.576943888347   0.079684117833  -0.000019439705   0.000696037486  -0.003692315396   0.025579295343  -0.001167405233  -0.000801570449   0.150026304507   0.124982559160   0.025573281456   0.080090867623   0.080090867623   0.080090867623
    5    2   0.166759392497   1.650233015746  -0.011884921966  -0.012019406416  -0.552148724825   0.106704018280  -0.000009858786   0.000932062982  -0.003908671770   0.025145364108  -0.001801364857  -0.001311205405   0.150032297645   0.124984517426   0.025135525833   0.107212041084   0.107212041084   0.107212041084
    6    2   0.166762260732   1.950306829867  -0.011960297124  -0.016774763999  -0.517603249013   0.140503866273   0.000001614151   0.001227319470  -0.004210172403   0.024462115989  -0.002916736635  -0.002405763690   0.150040808633   0.124986841340   0.024444062942   0.141091203946   0.141091203946   0.141091203946
    7    2   0.166765292088   2.250405151373  -0.012064604709  -0.023064393321  -0.469810771317   0.185534896513   0.000013739575   0.001620605492  -0.004627402743   0.023317270292  -0.005065498932  -0.004754338808   0.150056284963   0.124989253932   0.023281585986   0.186105116215   0.186105116215   0.186105116215
    8    2   0.166769033806   2.550572869036  -0.012285122377  -0.061123469692  -0.368919908809   0.262208055083   0.000028706449   0.002291476144  -0.005509473416   0.021264036568  -0.009310442458  -0.009386858051   0.150109156479   0.124992038369   0.021193532632   0.263066252970   0.263066252970   0.263066252970
    9    2   0.166749795066   2.851155513619  -0.011100043156   0.512334126252  -0.907187834205   0.537831089311  -0.000048248510   0.004622054475  -0.000769156532   0.016568667763  -0.028892810613  -0.055705741504   0.150471576310   0.124990072737   0.016148243622   0.529648664413   0.529648664413   0.529648664413
   10    2   0.016735537184   3.000480538173   0.049839267601  90.517603436114   0.232463111738   1.340544975998  -0.000105280038   0.001922152692   0.002988086498   0.008423197302  -0.034750543092   0.086429695014   0.063094802007   0.124989879518   0.008537888183 -66.988423270979 -66.988423270979 -66.988423270979
   11    2  -0.283155954837   2.999404420336   0.169236280847  90.588590888977  -0.261894714744   1.068043551638   0.000328751875  -0.002382318656   0.000576139480   0.005062823041  -0.024471804556  -0.005015683292   0.062582744557   0.125086188357   0.005056274899 -67.183647263631 -67.183647263631 -67.183647263631
   12    2  -0.582973318047   2.999556111967   0.289031979477  90.412759916889  -0.196067126419   0.971755784296   0.001059299036  -0.001775552131  -0.000241065998   0.002094640344  -0.020227390738   0.038962305412   0.062524589073   0.125264535915   0.002145412439 -67.219308417235 -67.219308417235 -67.219308417235
   13    2  -0.882894304876   2.999910155241   0.409089990214  89.848551001760  -0.043708492864   0.996113697052   0.001375351722  -0.000359379036  -0.000009023051   0.000157826258  -0.010957083369   0.035092526943   0.062664383003   0.125343778665   0.000203760327 -67.181150754640 -67.181150754640 -67.181150754640
   14    2  -1.182950477143   3.000443519784   0.529193804413  89.277662617255   0.189676972504   1.046608318843   0.001150662651   0.001774079136   0.000406233744  -0.000765585014  -0.005376876219   0.009416462405   0.062767948369   0.125290216488  -0.000753218640 -67.146964348900 -67.146964348900 -67.146964348900
   15    2  -1.483046992984   3.000892482047   0.649247497240  88.852154267572   0.387005915998   1.077455777217   0.000764599288   0.003569928186   0.000621005051  -0.001337741157  -0.004457559221  -0.002091664106   0.062817699478   0.125197103480  -0.001340492437 -67.124956204950 -67.124956204950 -67.124956204950
   16    2  -1.783114555089   3.001264126146   0.769285649395  88.452241030812   0.549341749359   1.102742895449   0.000494350867   0.005056504584   0.000773613674  -0.001960908302  -0.005931274881  -0.009628519453   0.062882388697   0.125133475761  -0.001973599316 -67.098024706945 -67.098024706945 -67.098024706945
   17    2  -2.083153797250   3.001620076233   0.889367661126  88.076164280856   0.703959156289   1.149642976291   0.000337382226   0.006480304931   0.001101660597  -0.002920910033  -0.010276978312  -0.024867756686   0.063028902537   0.125099929882  -0.002953840269 -67.042153229495 -67.042153229495 -67.042153229495
   18    2  -2.383176770601   3.001966872481   1.009604556741  87.712196807379   0.851187305891   1.269002432278   0.000245488822   0.007867489925   0.002049243056  -0.004657810257  -0.017807974355  -0.034646096671   0.063444682659   0.125086813033  -0.004704296401 -66.887840007856 -66.887840007856 -66.887840007856
   19    2  -2.683196983498   3.000794263882   1.130197203057  90.350117976444   0.373190893571   1.503528188826   0.000164637231   0.003177055528   0.004419828321  -0.007892573370  -0.038895273976  -0.129715676582   0.064337167426   0.125067832711  -0.008071549488 -66.558260079651 -66.558260079651 -66.558260079651
   20    2  -2.833174134096   2.849559490406   1.189209702653 180.536229326066   1.055132006555   0.191941328582   0.000256034840  -0.001762038375   0.000469826707  -0.017618092105  -0.033625694560   0.073253922198   0.149894075025   0.125066878739  -0.017069463357   0.205114553120   0.205114553120   0.205114553120
   21    2  -2.833154784310   2.549756508724   1.188055155251 179.905294084920   0.524112346342   0.112412430550   0.000333433986  -0.000973965103  -0.004148362901  -0.022607347859  -0.009611759032   0.006848164562   0.149914454465   0.125069793762  -0.022556045191   0.106638205829   0.106638205829   0.106638205829
   22    2  -2.833168092418   2.249875189001   1.188374360170 179.972673938842   0.670562969078   0.057501685495   0.000280201551  -0.000499243997  -0.002871543226  -0.024912704563  -0.006022170283   0.005122172192   0.149966750671   0.125059640036  -0.024874305301   0.058189261701   0.058189261701   0.058189261701
   23    2  -2.833162794458   1.949924135581   1.188505967913 179.977072246069   0.730836302772   0.035047648090   0.000301393393  -0.000303457675  -0.002345112254  -0.026308823638  -0.003624214402   0.002872451571   0.149984224311   0.125066507835  -0.026287284782   0.036384191920   0.036384191920   0.036384191920
   24    2  -2.833156085948   1.649948930189   1.188609559590 179.983388942656   0.778255021715   0.023620345838   0.000328227431  -0.000204279245  -0.001930745547  -0.027164832252  -0.002265069542   0.001658433396   0.149990955155   0.125074567390  -0.027152395502   0.024846699859   0.024846699859   0.024846699859
   25    2  -2.833150307041   1.349964025070   1.188683894849 179.988246172693   0.812269952427   0.016645592317   0.000351343059  -0.000143899720  -0.001633404511  -0.027708928531  -0.001454781843   0.001042667739   0.149993938298   0.125081372231  -0.027701109155   0.017626943348   0.017626943348   0.017626943348
   26    2  -2.833145822632   1.049974664075   1.188736004149 179.991873408124   0.836108785537   0.011723678414   0.000369280697  -0.000101343700  -0.001424967312  -0.028059500713  -0.000935694011   0.000687688181   0.149995416765   0.125086603129  -0.028054343367   0.012455484090   0.012455484090   0.012455484090
   27    2  -2.833142590848   0.749983042209   1.188771196362 179.994701931076   0.852205672526   0.007846064136   0.000382207834  -0.000067831164  -0.001284198459  -0.028282718172  -0.000581835138   0.000491874863   0.149996202139   0.125090351626  -0.028279029298   0.008348877681   0.008348877681   0.008348877681
   28    2  -2.833140507090   0.449990220440   1.188792929318 179.997008380120   0.862145129348   0.004524310076   0.000390542864  -0.000039118239  -0.001197266636  -0.028415397079  -0.000318706824   0.000385240655   0.149996618363   0.125092759508  -0.028412507904   0.004817541424   0.004817541424   0.004817541424
   29    2  -2.833139487404   0.149996800654   1.188803308195 179.999032961795   0.866891528686   0.001480001726   0.000394621609  -0.000012797383  -0.001155751125  -0.028477386952  -0.000101568616   0.000338569275   0.149996801064   0.125093935334  -0.028474847791   0.001576314762   0.001576314762   0.001576314762

