This file contains spanwise information at angle of 15.00
 The total lift (uncorrected for stall) and drag coefficient are  CL = 1.471243 (uncorrected)  CDi =   0.03996294   The horizontal tail is panel 4 through 11
 index               xo               yo               zo               cn               cl               cy               cd             A_TE             B_TE             C_TE                S             span            chord               nu          epsilon              psi            phiLE	#
     0 -101.359711760352  -7.500000000000 -27.175999735765   1.160010036884   1.160010036884   0.000000000000   0.036628476321   6.701700165530   1.670523858008  -0.404062483281   5.000000000000   5.000000000000   1.000000000000   0.000000000000   0.000000000000   0.000000000000   0.000000000000
     1 -101.359711760352  -2.500000000000 -27.175999735765   1.543078473193   1.543078473193   0.000000000000   0.026669668668   7.696765743044  -0.174894279199   0.034978855840   5.000000000000   5.000000000000   1.000000000000   0.000000000000   0.000000000000   0.000000000000   0.000000000000
     2 -101.359711760352   2.500000000000 -27.175999735765   1.542079318836   1.542079318836   0.000000000000   0.026669668668   7.696765743044   0.174894279199   0.034978855840   5.000000000000   5.000000000000   1.000000000000   0.000000000000   0.000000000000   0.000000000000   0.000000000000
     3 -101.359711760352   7.500000000000 -27.175999735765   1.164435194805   1.164435194805   0.000000000000   0.036628476321   6.701700165530  -1.670523858008  -0.404062483281   5.000000000000   5.000000000000   1.000000000000   0.000000000000   0.000000000000   0.000000000000   0.000000000000
HT
     4 -91.197211760352  -1.666666666667 -25.175999735765   0.679266866395   0.679266866395   0.000000000000   0.058857785939   2.312086113396   4.813451392096  -6.368420844281   0.400000000000   0.666666666667   0.600000000000   0.000000000000   0.000000000000   0.000000000000   0.000000000000
     5 -91.197211760352  -1.000000000000 -25.175999735765   1.110495670694   1.110495670694   0.000000000000   0.079298523008   3.376850125093   0.439457686264  -0.192569714466   0.400000000000   0.666666666667   0.600000000000   0.000000000000   0.000000000000   0.000000000000   0.000000000000
     6 -91.197211760352  -0.333333333333 -25.175999735765   1.179805328022   1.179805328022   0.000000000000   0.069690373016   3.579708854728   0.155538938310  -0.233308407465   0.400000000000   0.666666666667   0.600000000000   0.000000000000   0.000000000000   0.000000000000   0.000000000000
     7 -91.197211760352   0.333333333333 -25.175999735765   1.179909822843   1.179909822843   0.000000000000   0.069690373016   3.579708854728  -0.155538938310  -0.233308407465   0.400000000000   0.666666666667   0.600000000000   0.000000000000   0.000000000000   0.000000000000   0.000000000000
     8 -91.197211760352   1.000000000000 -25.175999735765   1.109694990870   1.109694990870   0.000000000000   0.079298523008   3.376850125093  -0.439457686264  -0.192569714466   0.400000000000   0.666666666667   0.600000000000   0.000000000000   0.000000000000   0.000000000000   0.000000000000
     9 -91.197211760352   1.666666666667 -25.175999735765   0.682921276887   0.682921276887   0.000000000000   0.058857785939   2.312086113396  -4.813451392096  -6.368420844281   0.400000000000   0.666666666667   0.600000000000   0.000000000000   0.000000000000   0.000000000000   0.000000000000
    10 -91.197211760352   0.000000000000 -26.675999735765  -0.000000000000  -0.000000000000   0.000000000000   0.000000000000  -0.000000000000  -0.000000000000  -0.000000000000   0.600000000000   1.000000000000   0.600000000000  90.000000000000   0.000000000000   0.000000000000   0.000000000000
    11 -91.197211760352   0.000000000000 -25.675999735765   0.000000000000  -0.000000000000  -0.000000000000  -0.000000000000   0.000000000000   0.000000000000   0.000000000000   0.600000000000   1.000000000000   0.600000000000  90.000000000000   0.000000000000   0.000000000000   0.000000000000
