Flight configuration defined in input file = input.txt
Angle of attack sweep alpha = 15.000
Flight Condition number = 1
number of timesteps = 20
number of spanwise strips = 12

strip     x_ref         y_ref         z_ref         Gamma0        Cfx           Cfy           Cfz           Cfn           Cd            Cl            Cm            Cn            Ref. area     Ref. span     Ref. lngth    Ref-l cl      Ref-l cm      Ref-l cn      x1            y1            z1            chord1        x2            y2            z2            chord2        Gamma1        Gamma2        cn1           cn0           cn2           A_te          B_te          C_te          
-------------------------------------------------------------------------------------------------------------------------------------------------------------------------------------------------------------------------------------------------------------------------------------------------------------------------------------------------------------------------------------------------------------------------------------------------------------------------------------------------------#
0         0.000000      -7.500000     0.000000      6.701700      0.036628      0.000000      1.160770      1.160770      0.036628      -1.736805     0.044919      0.192787      5.000000      5.000000      1.000000      5.000000      1.000000      1.000000      0.000000      -10.000000    0.000000      1.000000      0.000000      -5.000000     0.000000      1.000000      6.595714      6.804530      1.319143      1.340340      1.319143      6.701700      1.670524      -0.404062     
1         0.000000      -2.500000     0.000000      7.696766      0.026670      0.000000      1.542556      1.542556      0.026670      -0.771528     0.062025      -0.001225     5.000000      5.000000      1.000000      5.000000      1.000000      1.000000      0.000000      -5.000000     0.000000      1.000000      0.000000      0.000000      0.000000      1.000000      7.707833      7.685971      1.541567      1.539353      1.541567      7.696766      -0.174894     0.034979      
2         0.000000      2.500000      0.000000      7.696766      0.026670      0.000000      1.542556      1.542556      0.026670      0.771528      0.062025      0.001225      5.000000      5.000000      1.000000      5.000000      1.000000      1.000000      0.000000      0.000000      0.000000      1.000000      0.000000      5.000000      0.000000      1.000000      7.685971      7.707833      1.537194      1.539353      1.537194      7.696766      0.174894      0.034979      
3         0.000000      7.500000      0.000000      6.701700      0.036628      0.000000      1.160770      1.160770      0.036628      1.736805      0.044919      -0.192787     5.000000      5.000000      1.000000      5.000000      1.000000      1.000000      0.000000      5.000000      0.000000      1.000000      0.000000      10.000000     0.000000      1.000000      6.804530      6.595714      1.360906      1.340340      1.360906      6.701700      -1.670524     -0.404062     
4         10.150000     -1.666667     2.000000      2.312086      0.058858      0.000000      0.679818      0.679818      0.058858      -1.691964     -11.603404    0.234625      0.400000      0.666667      0.600000      0.666667      0.600000      0.600000      10.150000     -2.000000     2.000000      0.600000      10.150000     -1.333333     2.000000      0.600000      1.915255      2.637273      0.638418      0.770695      0.638418      2.312086      4.813451      -6.368421     
5         10.150000     -1.000000     2.000000      3.376850      0.079299      0.000000      1.110114      1.110114      0.079299      -1.664597     -18.940305    0.126821      0.400000      0.666667      0.600000      0.666667      0.600000      0.600000      10.150000     -1.333333     2.000000      0.600000      10.150000     -0.666667     2.000000      0.600000      3.342808      3.408726      1.114269      1.125617      1.114269      3.376850      0.439458      -0.192570     
6         10.150000     -0.333333     2.000000      3.579709      0.069690      0.000000      1.179857      1.179857      0.069690      -0.589760     -20.114695    0.037707      0.400000      0.666667      0.600000      0.666667      0.600000      0.600000      10.150000     -0.666667     2.000000      0.600000      10.150000     -0.000000     2.000000      0.600000      3.566731      3.590062      1.188910      1.193236      1.188910      3.579709      0.155539      -0.233308     
7         10.150000     0.333333      2.000000      3.579709      0.069690      0.000000      1.179857      1.179857      0.069690      0.589760      -20.114695    -0.037707     0.400000      0.666667      0.600000      0.666667      0.600000      0.600000      10.150000     0.000000      2.000000      0.600000      10.150000     0.666667      2.000000      0.600000      3.590062      3.566731      1.196687      1.193236      1.196687      3.579709      -0.155539     -0.233308     
8         10.150000     1.000000      2.000000      3.376850      0.079299      0.000000      1.110114      1.110114      0.079299      1.664597      -18.940305    -0.126821     0.400000      0.666667      0.600000      0.666667      0.600000      0.600000      10.150000     0.666667      2.000000      0.600000      10.150000     1.333333      2.000000      0.600000      3.408726      3.342808      1.136242      1.125617      1.136242      3.376850      -0.439458     -0.192570     
9         10.150000     1.666667      2.000000      2.312086      0.058858      0.000000      0.679818      0.679818      0.058858      1.691964      -11.603404    -0.234625     0.400000      0.666667      0.600000      0.666667      0.600000      0.600000      10.150000     1.333333      2.000000      0.600000      10.150000     2.000000      2.000000      0.600000      2.637273      1.915255      0.879091      0.770695      0.879091      2.312086      -4.813451     -6.368421     
10        10.150000     0.000000      0.500000      -0.000000     0.000000      0.000000      -0.000000     0.000000      0.000000      0.000000      0.000000      0.000000      0.600000      1.000000      0.600000      1.000000      0.600000      0.600000      10.150000     -0.000000     0.000000      0.600000      10.150000     0.000000      1.000000      0.600000      -0.000000     -0.000000     -0.000000     -0.000000     -0.000000     -0.000000     -0.000000     -0.000000     
11        10.150000     0.000000      1.500000      0.000000      -0.000000     -0.000000     0.000000      0.000000      -0.000000     -0.000000     -0.000000     -0.000000     0.600000      1.000000      0.600000      1.000000      0.600000      0.600000      10.150000     -0.000000     1.000000      0.600000      10.150000     0.000000      2.000000      0.600000      0.000000      0.000000      0.000000      0.000000      0.000000      0.000000      0.000000      0.000000      
