Flight configuration defined in input file = input.txt
CL trim final alpha = 7.099
Flight Condition number = 2
number of timesteps = 20
number of spanwise strips = 18

strip     x_ref         y_ref         z_ref         Gamma0        Cfx           Cfy           Cfz           Cfn           Cd            Cl            Cm            Cn            Ref. area     Ref. span     Ref. lngth    Ref-l cl      Ref-l cm      Ref-l cn      x1            y1            z1            chord1        x2            y2            z2            chord2        Gamma1        Gamma2        cn1           cn0           cn2           A_te          B_te          C_te          
-------------------------------------------------------------------------------------------------------------------------------------------------------------------------------------------------------------------------------------------------------------------------------------------------------------------------------------------------------------------------------------------------------------------------------------------------------------------------------------------------------#
0         0.000000      -9.000000     0.000000      6.001534      0.027354      0.000000      0.701248      0.701248      0.027354      -3.152222     -0.049083     0.210041      2.009184      2.000000      1.004592      2.000000      1.004592      1.004592      0.000000      -10.000000    0.000000      1.004592      0.000000      -8.000000     0.000000      1.004592      -0.000000     7.915234      -0.000000     0.796547      -0.000000     6.001534      3.957617      -2.043917     
1         0.000000      -7.000000     0.000000      7.865363      0.023648      0.000000      1.042022      1.042022      0.023648      -3.647061     -0.058631     0.083454      2.009184      2.000000      1.004592      2.000000      1.004592      1.004592      0.000000      -8.000000     0.000000      1.004592      0.000000      -6.000000     0.000000      1.004592      7.915234      7.976184      1.050541      1.043921      1.050541      7.865363      0.030475      0.080346      
2         0.000000      -5.000000     0.000000      8.133312      0.014945      0.000000      1.073127      1.073127      0.014945      -2.682781     -0.055125     0.040074      2.009184      2.000000      1.004592      2.000000      1.004592      1.004592      0.000000      -6.000000     0.000000      1.004592      0.000000      -4.000000     0.000000      1.004592      7.976184      8.222361      1.058630      1.079485      1.058630      8.133312      0.123088      -0.034040     
3         0.000000      -3.000000     0.000000      8.269550      0.012704      0.000000      1.092344      1.092344      0.012704      -1.638505     -0.054569     0.019924      2.009184      2.000000      1.004592      2.000000      1.004592      1.004592      0.000000      -4.000000     0.000000      1.004592      0.000000      -2.000000     0.000000      1.004592      8.222361      8.301102      1.091304      1.097567      1.091304      8.269550      0.039371      -0.007819     
4         0.000000      -1.000000     0.000000      8.318884      0.011734      0.000000      1.098957      1.098957      0.011734      -0.549476     -0.054213     0.006128      2.009184      2.000000      1.004592      2.000000      1.004592      1.004592      0.000000      -2.000000     0.000000      1.004592      0.000000      0.000000      0.000000      1.004592      8.301102      8.324764      1.101754      1.104115      1.101754      8.318884      0.011831      -0.005951     
5         0.000000      1.000000      0.000000      8.318747      0.011736      0.000000      1.098919      1.098919      0.011736      0.549457      -0.054211     -0.006132     2.009184      2.000000      1.004592      2.000000      1.004592      1.004592      0.000000      0.000000      0.000000      1.004592      0.000000      2.000000      0.000000      1.004592      8.324764      8.300840      1.104895      1.104096      1.104895      8.318747      -0.011962     -0.005945     
6         0.000000      3.000000      0.000000      8.269181      0.012709      0.000000      1.092240      1.092240      0.012709      1.638350      -0.054561     -0.019935     2.009184      2.000000      1.004592      2.000000      1.004592      1.004592      0.000000      2.000000      0.000000      1.004592      0.000000      4.000000      0.000000      1.004592      8.300840      8.221910      1.101720      1.097518      1.101720      8.269181      -0.039465     -0.007806     
7         0.000000      5.000000      0.000000      8.132808      0.014952      0.000000      1.072987      1.072987      0.014952      2.682430      -0.055116     -0.040093     2.009184      2.000000      1.004592      2.000000      1.004592      1.004592      0.000000      4.000000      0.000000      1.004592      0.000000      6.000000      0.000000      1.004592      8.221910      7.975654      1.091244      1.079418      1.091244      8.132808      -0.123128     -0.034026     
8         0.000000      7.000000      0.000000      7.864823      0.023654      0.000000      1.041872      1.041872      0.023654      3.646536      -0.058620     -0.083475     2.009184      2.000000      1.004592      2.000000      1.004592      1.004592      0.000000      6.000000      0.000000      1.004592      0.000000      8.000000      0.000000      1.004592      7.975654      7.914688      1.058560      1.043850      1.058560      7.864823      -0.030483     0.080348      
9         0.000000      9.000000      0.000000      6.001122      0.027356      0.000000      0.701150      0.701150      0.027356      3.151782      -0.049074     -0.210039     2.009184      2.000000      1.004592      2.000000      1.004592      1.004592      0.000000      8.000000      0.000000      1.004592      0.000000      10.000000     0.000000      1.004592      7.914688      -0.000000     1.050468      0.796492      1.050468      6.001122      -3.957344     -2.043778     
10        10.150000     -1.666667     2.000000      2.421118      0.031621      0.000000      0.475790      0.475790      0.031621      -1.185464     -8.081147     0.139417      0.401692      0.666667      0.602538      0.666667      0.602538      0.602538      10.150000     -2.000000     2.000000      0.602538      10.150000     -1.333333     2.000000      0.602538      0.000000      3.291933      0.000000      0.535760      0.000000      2.421118      4.937900      -6.976362     
11        10.150000     -1.000000     2.000000      3.377603      0.041813      0.000000      0.745295      0.745295      0.041813      -1.117786     -12.653669    0.065526      0.401692      0.666667      0.602538      0.666667      0.602538      0.602538      10.150000     -1.333333     2.000000      0.602538      10.150000     -0.666667     2.000000      0.602538      3.291933      3.443287      0.728459      0.747417      0.728459      3.377603      0.227031      -0.089940     
12        10.150000     -0.333333     2.000000      3.423630      0.038549      0.000000      0.755149      0.755149      0.038549      -0.377754     -12.815531    0.015778      0.401692      0.666667      0.602538      0.666667      0.602538      0.602538      10.150000     -0.666667     2.000000      0.602538      10.150000     -0.000000     2.000000      0.602538      3.443287      3.253279      0.761952      0.757602      0.761952      3.423630      -0.285013     -0.678126     
13        10.150000     0.333333      2.000000      3.900351      0.031450      0.000000      0.850332      0.850332      0.031450      0.424901      -14.447666    -0.022815     0.401692      0.666667      0.602538      0.666667      0.602538      0.602538      10.150000     0.000000      2.000000      0.602538      10.150000     0.666667      2.000000      0.602538      4.121940      3.726984      0.912128      0.863093      0.912128      3.900351      -0.592433     0.216995      
14        10.150000     1.000000      2.000000      3.578167      0.038118      0.000000      0.782711      0.782711      0.038118      1.173803      -13.289696    -0.062619     0.401692      0.666667      0.602538      0.666667      0.602538      0.602538      10.150000     0.666667      2.000000      0.602538      10.150000     1.333333      2.000000      0.602538      3.726984      3.430230      0.824730      0.791799      0.824730      3.578167      -0.445132     0.003956      
15        10.150000     1.666667      2.000000      2.498923      0.030952      0.000000      0.489655      0.489655      0.030952      1.220184      -8.315920     -0.139946     0.401692      0.666667      0.602538      0.666667      0.602538      0.602538      10.150000     1.333333      2.000000      0.602538      10.150000     2.000000      2.000000      0.602538      3.430230      -0.000000     0.759062      0.552977      0.759062      2.498923      -5.145344     -7.054275     
16        10.150000     0.000000      0.500000      0.979821      0.003343      -0.185789     0.000000      0.185789      0.003343      -0.143473     -0.042374     -1.907091     0.602538      1.000000      0.602538      1.000000      0.602538      0.602538      10.150000     -0.000000     0.000000      0.602538      10.150000     0.000000      1.000000      0.602538      0.000000      1.278740      0.000000      0.216821      0.000000      0.979821      1.278740      -1.361802     
17        10.150000     0.000000      1.500000      1.155455      0.003660      -0.230286     0.000000      0.230286      0.003660      0.050965      0.012695      -2.385083     0.602538      1.000000      0.602538      1.000000      0.602538      0.602538      10.150000     -0.000000     1.000000      0.602538      10.150000     0.000000      2.000000      0.602538      1.278740      0.868661      0.282967      0.255686      0.282967      1.155455      -0.410079     -0.327017     
