


Program Version: FreeWake2020_dev V0.4
Flight configuration defined in input file : input.txt
Flight Condition number : 2
This file holds surface and wake DVE informtion of last timestep (old timestep##.txt)
CL trim final alpha : 8.559
Ref. Area   : 20.000000
Aspect Ratio: 20.000000
surface and wake DVE after number of timesteps: 20
elements in span direction: 5
number of surface elements: 30
no. of wings: 1  first and last span indices of each wing:  0  4

 index               xo               yo               zo        Nlift_tot        NLift_ind           NY_tot              NYi                A                B                C              eta              xsi               nu          epsilon              psi            phiLE             phi0            phiTE	#
     0 -103.755718211351  -9.000000000000 -15.626322526912  25.427026550386   0.344185070088   0.000000000000   0.000000000000   1.419282527674   0.923861166696  -0.495421360978   1.000000000000   0.075000000000   0.000000000000   0.000000000000   0.000000000000   0.000000000000   0.000000000000   0.000000000000
     1 -103.755718211351  -7.000000000000 -15.626322526912  36.681325073834   0.735149444038   0.000000000000   0.000000000000   1.793166780650  -0.042129550223   0.012426002519   1.000000000000   0.075000000000   0.000000000000   0.000000000000   0.000000000000   0.000000000000   0.000000000000   0.000000000000
     2 -103.755718211351  -5.000000000000 -15.626322526912  37.286762384438   0.719405239788   0.000000000000   0.000000000000   1.807822314865   0.105995709021   0.061636627103   1.000000000000   0.075000000000   0.000000000000   0.000000000000   0.000000000000   0.000000000000   0.000000000000   0.000000000000
     3 -103.755718211351  -3.000000000000 -15.626322526912  36.399040268850   0.848142296520   0.000000000000   0.000000000000   1.884339577516  -0.411499110172  -0.320384036700   1.000000000000   0.075000000000   0.000000000000   0.000000000000   0.000000000000   0.000000000000   0.000000000000   0.000000000000
     4 -103.755718211351  -1.000000000000 -15.626322526912   8.642507960511   0.291536775724   0.000000000000   0.000000000000   0.338208731198  -0.576228215322   0.238019484124   1.000000000000   0.075000000000   0.000000000000   0.000000000000   0.000000000000   0.000000000000   0.000000000000   0.000000000000
     5 -103.605718211351  -9.000000000000 -15.626322526912  10.852560558600  -0.232144359881   0.000000000000   0.000000000000   2.042979423790   1.339173112237  -0.703806311553   1.000000000000   0.075000000000   0.000000000000   0.000000000000   0.000000000000   0.000000000000   0.000000000000   0.000000000000
     6 -103.605718211351  -7.000000000000 -15.626322526912  16.105188168067  -0.339827668779   0.000000000000   0.000000000000   2.617146358400  -0.053960221279   0.007239644795   1.000000000000   0.075000000000   0.000000000000   0.000000000000   0.000000000000   0.000000000000   0.000000000000   0.000000000000
     7 -103.605718211351  -5.000000000000 -15.626322526912  16.379668424870  -0.437954724810   0.000000000000   0.000000000000   2.634672973594   0.167975315045   0.103728123367   1.000000000000   0.075000000000   0.000000000000   0.000000000000   0.000000000000   0.000000000000   0.000000000000   0.000000000000
     8 -103.605718211351  -3.000000000000 -15.626322526912  16.430160926307  -0.139985687153   0.000000000000   0.000000000000   2.774991165413  -0.638202054964  -0.506816808371   1.000000000000   0.075000000000   0.000000000000   0.000000000000   0.000000000000   0.000000000000   0.000000000000   0.000000000000
     9 -103.605718211351  -1.000000000000 -15.626322526912   2.719093720205   0.349338688657   0.000000000000   0.000000000000   0.396561390706  -0.814986151039   0.418424760334   1.000000000000   0.075000000000   0.000000000000   0.000000000000   0.000000000000   0.000000000000   0.000000000000   0.000000000000
    10 -103.455718211351  -9.000000000000 -15.626322526912   7.118894595220  -0.159149842210   0.000000000000   0.000000000000   2.450320270344   1.616198084744  -0.834122185600   1.000000000000   0.075000000000   0.000000000000   0.000000000000   0.000000000000   0.000000000000   0.000000000000   0.000000000000
    11 -103.455718211351  -7.000000000000 -15.626322526912  10.922273717164  -0.192684997800   0.000000000000   0.000000000000   3.176568102568  -0.059609847382  -0.003781780462   1.000000000000   0.075000000000   0.000000000000   0.000000000000   0.000000000000   0.000000000000   0.000000000000   0.000000000000
    12 -103.455718211351  -5.000000000000 -15.626322526912  10.860563281486  -0.537000700998   0.000000000000   0.000000000000   3.190846176985   0.222512812828   0.144843110567   1.000000000000   0.075000000000   0.000000000000   0.000000000000   0.000000000000   0.000000000000   0.000000000000   0.000000000000
    13 -103.455718211351  -3.000000000000 -15.626322526912  12.079581280953   0.477597979978   0.000000000000   0.000000000000   3.407213829339  -0.814175576045  -0.663187305004   1.000000000000   0.075000000000   0.000000000000   0.000000000000   0.000000000000   0.000000000000   0.000000000000   0.000000000000
    14 -103.455718211351  -1.000000000000 -15.626322526912   2.507823600204   1.767538413009   0.000000000000   0.000000000000   0.377113118192  -0.964925474145   0.587812355953   1.000000000000   0.075000000000   0.000000000000   0.000000000000   0.000000000000   0.000000000000   0.000000000000   0.000000000000
    15 -103.305718211351  -9.000000000000 -15.626322526912   4.130345292216  -0.056564332514   0.000000000000   0.000000000000   2.741546625930   1.661781817281  -1.079764808649   1.000000000000   0.075000000000   0.000000000000   0.000000000000   0.000000000000   0.000000000000   0.000000000000   0.000000000000
    16 -103.305718211351  -7.000000000000 -15.626322526912  12.516986935935  -0.844013159121   0.000000000000   0.000000000000   3.588972094012   1.028564718914   0.763156259465   1.000000000000   0.075000000000   0.000000000000   0.000000000000   0.000000000000   0.000000000000   0.000000000000   0.000000000000
    17 -103.305718211351  -5.000000000000 -15.626322526912 -35.667245648515 -14.006896297225   0.000000000000   0.000000000000   3.600974887265  -6.114313608092  -4.334595422968   1.000000000000   0.075000000000   0.000000000000   0.000000000000   0.000000000000   0.000000000000   0.000000000000   0.000000000000
    18 -103.305718211351  -3.000000000000 -15.626322526912 -356.292588006238 -539.990422921906   0.000000000000   0.000000000000   3.870422705636  36.220218152888  25.501861303458   1.000000000000   0.075000000000   0.000000000000   0.000000000000   0.000000000000   0.000000000000   0.000000000000   0.000000000000
    19 -103.305718211351  -1.000000000000 -15.626322526912 -18723.185802510568 -17706.800035710621   0.000000000000   0.000000000000   0.519432403081 -217.370080277605 -152.297010518705   1.000000000000   0.075000000000   0.000000000000   0.000000000000   0.000000000000   0.000000000000   0.000000000000   0.000000000000
    20 -103.155718211351  -9.000000000000 -15.626322526912   5.556658590511  -0.146431599210   0.000000000000   0.000000000000   2.958176244318   2.083986108963  -0.874190135355   1.000000000000   0.075000000000   0.000000000000   0.000000000000   0.000000000000   0.000000000000   0.000000000000   0.000000000000
    21 -103.155718211351  -7.000000000000 -15.626322526912  -3.053908862264   0.199558339969   0.000000000000   0.000000000000   3.886407629336  -0.898735015434  -0.617170426844   1.000000000000   0.075000000000   0.000000000000   0.000000000000   0.000000000000   0.000000000000   0.000000000000   0.000000000000
    22 -103.155718211351  -5.000000000000 -15.626322526912  62.554241318183   0.958195207870   0.000000000000   0.000000000000   3.986290618328   5.364652731660   3.748864300391   1.000000000000   0.075000000000   0.000000000000   0.000000000000   0.000000000000   0.000000000000   0.000000000000   0.000000000000
    23 -103.155718211351  -3.000000000000 -15.626322526912 -212.324281474406 107.711846108545   0.000000000000   0.000000000000   3.767474816436 -31.527047000329 -22.194714166385   1.000000000000   0.075000000000   0.000000000000   0.000000000000   0.000000000000   0.000000000000   0.000000000000   0.000000000000
    24 -103.155718211351  -1.000000000000 -15.626322526912 5242.536127798706 3307.707433444776   0.000000000000   0.000000000000   3.403707290062 182.632462613780 129.274468973440   1.000000000000   0.075000000000   0.000000000000   0.000000000000   0.000000000000   0.000000000000   0.000000000000   0.000000000000
    25 -102.955718211351  -9.000000000000 -15.626322526912   2.185272610286  -0.028001595535   0.000000000000   0.000000000000   3.130123658071   2.072082412330  -1.058041245741   1.000000000000   0.125000000000   0.000000000000   0.000000000000   0.000000000000   0.000000000000   0.000000000000   0.000000000000
    26 -102.955718211351  -7.000000000000 -15.626322526912   9.662675223543   0.253029860314   0.000000000000   0.000000000000   4.138416002789   0.032502435411   0.038251257282   1.000000000000   0.125000000000   0.000000000000   0.000000000000   0.000000000000   0.000000000000   0.000000000000   0.000000000000
    27 -102.955718211351  -5.000000000000 -15.626322526912  -5.653802693638  14.624177534133   0.000000000000   0.000000000000   4.246053441667  -0.035237457606  -0.072121203791   1.000000000000   0.125000000000   0.000000000000   0.000000000000   0.000000000000   0.000000000000   0.000000000000   0.000000000000
    28 -102.955718211351  -3.000000000000 -15.626322526912 642.091606480461 489.095510963716   0.000000000000   0.000000000000   4.004084881379  -0.089739932594   0.044869966297   1.000000000000   0.125000000000   0.000000000000   0.000000000000   0.000000000000   0.000000000000   0.000000000000   0.000000000000
    29 -102.955718211351  -1.000000000000 -15.626322526912 15553.503343956798 16404.222984612668   0.000000000000   0.000000000000   3.959214915082   0.000000000000   0.000000000000   1.000000000000   0.125000000000   0.000000000000   0.000000000000   0.000000000000   0.000000000000   0.000000000000   0.000000000000


wake shape after timestep: 20
 span time              xo               yo               zo               nu          epsilon              psi                U                V                W                A                B                C              eta              xsi          singfct            phiLE             phi0            phiTE	#
    0    0  -1.472159957413  -9.000000000000  -0.372055298260  -0.000000000000  -8.558672825150   0.000000000000   9.888639829652   0.000000000000   1.488221193039   3.129772601852   2.071802070106  -1.057970531747   1.000000000000   2.500000000000   0.010000000000   0.000000000000   0.000000000000   0.000000000000
    1    0  -1.472159957413  -7.000000000000  -0.372055298260  -0.000000000000  -8.558672825150   0.000000000000   9.888639829652   0.000000000000   1.488221193039   4.137730995897   0.032392704758   0.038265849073   1.000000000000   2.500000000000   0.010000000000   0.000000000000   0.000000000000   0.000000000000
    2    0  -1.472159957413  -5.000000000000  -0.372055298260  -0.000000000000  -8.558672825150   0.000000000000   9.888639829652   0.000000000000   1.488221193039   4.245215705393  -0.035272091573  -0.072098247238   1.000000000000   2.500000000000   0.010000000000   0.000000000000   0.000000000000   0.000000000000
    3    0  -1.472159957413  -3.000000000000  -0.372055298260  -0.000000000000  -8.558672825150   0.000000000000   9.888639829652   0.000000000000   1.488221193039   4.003243927044  -0.089734293025   0.044867146512   1.000000000000   2.500000000000   0.010000000000   0.000000000000   0.000000000000   0.000000000000
    4    0  -1.472159957413  -1.000000000000  -0.372055298260  -0.000000000000  -8.558672825150   0.000000000000   9.888639829652   0.000000000000   1.488221193039   3.958376780532   0.000000000000   0.000000000000   1.000000000000   2.500000000000   0.010000000000   0.000000000000   0.000000000000   0.000000000000

    0    1  -6.416479872239  -9.000000000000  -1.116165894779  -0.000000000000  -8.558672825150   0.000000000000   9.888639829652   0.000000000000   1.488221193039   3.129772601852   2.071802070106  -1.057970531747   1.000000000000   2.500000000000   0.010000000000   0.000000000000   0.000000000000   0.000000000000
    1    1  -6.416479872239  -7.000000000000  -1.116165894779  -0.000000000000  -8.558672825150   0.000000000000   9.888639829652   0.000000000000   1.488221193039   4.137730995897   0.032392704758   0.038265849073   1.000000000000   2.500000000000   0.010000000000   0.000000000000   0.000000000000   0.000000000000
    2    1  -6.416479872239  -5.000000000000  -1.116165894779  -0.000000000000  -8.558672825150   0.000000000000   9.888639829652   0.000000000000   1.488221193039   4.245215705393  -0.035272091573  -0.072098247238   1.000000000000   2.500000000000   0.010000000000   0.000000000000   0.000000000000   0.000000000000
    3    1  -6.416479872239  -3.000000000000  -1.116165894779  -0.000000000000  -8.558672825150   0.000000000000   9.888639829652   0.000000000000   1.488221193039   4.003243927044  -0.089734293025   0.044867146512   1.000000000000   2.500000000000   0.010000000000   0.000000000000   0.000000000000   0.000000000000
    4    1  -6.416479872239  -1.000000000000  -1.116165894779  -0.000000000000  -8.558672825150   0.000000000000   9.888639829652   0.000000000000   1.488221193039   3.958376780532   0.000000000000   0.000000000000   1.000000000000   2.500000000000   0.010000000000   0.000000000000   0.000000000000   0.000000000000

    0    2 -11.360799787066  -9.000000000000  -1.860276491299  -0.000000000000  -8.558672825150   0.000000000000   9.888639829652   0.000000000000   1.488221193039   3.129772601852   2.071802070106  -1.057970531747   1.000000000000   2.500000000000   0.010000000000   0.000000000000   0.000000000000   0.000000000000
    1    2 -11.360799787066  -7.000000000000  -1.860276491299  -0.000000000000  -8.558672825150   0.000000000000   9.888639829652   0.000000000000   1.488221193039   4.137730995897   0.032392704758   0.038265849073   1.000000000000   2.500000000000   0.010000000000   0.000000000000   0.000000000000   0.000000000000
    2    2 -11.360799787066  -5.000000000000  -1.860276491299  -0.000000000000  -8.558672825150   0.000000000000   9.888639829652   0.000000000000   1.488221193039   4.245215705393  -0.035272091573  -0.072098247238   1.000000000000   2.500000000000   0.010000000000   0.000000000000   0.000000000000   0.000000000000
    3    2 -11.360799787066  -3.000000000000  -1.860276491299  -0.000000000000  -8.558672825150   0.000000000000   9.888639829652   0.000000000000   1.488221193039   4.003243927044  -0.089734293025   0.044867146512   1.000000000000   2.500000000000   0.010000000000   0.000000000000   0.000000000000   0.000000000000
    4    2 -11.360799787066  -1.000000000000  -1.860276491299  -0.000000000000  -8.558672825150   0.000000000000   9.888639829652   0.000000000000   1.488221193039   3.958376780532   0.000000000000   0.000000000000   1.000000000000   2.500000000000   0.010000000000   0.000000000000   0.000000000000   0.000000000000

    0    3 -16.305119701892  -9.000000000000  -2.604387087819  -0.000000000000  -8.558672825150   0.000000000000   9.888639829652   0.000000000000   1.488221193039   3.129772601852   2.071802070106  -1.057970531747   1.000000000000   2.500000000000   0.010000000000   0.000000000000   0.000000000000   0.000000000000
    1    3 -16.305119701892  -7.000000000000  -2.604387087819  -0.000000000000  -8.558672825150   0.000000000000   9.888639829652   0.000000000000   1.488221193039   4.137730995897   0.032392704758   0.038265849073   1.000000000000   2.500000000000   0.010000000000   0.000000000000   0.000000000000   0.000000000000
    2    3 -16.305119701892  -5.000000000000  -2.604387087819  -0.000000000000  -8.558672825150   0.000000000000   9.888639829652   0.000000000000   1.488221193039   4.245215705393  -0.035272091573  -0.072098247238   1.000000000000   2.500000000000   0.010000000000   0.000000000000   0.000000000000   0.000000000000
    3    3 -16.305119701892  -3.000000000000  -2.604387087819  -0.000000000000  -8.558672825150   0.000000000000   9.888639829652   0.000000000000   1.488221193039   4.003243927044  -0.089734293025   0.044867146512   1.000000000000   2.500000000000   0.010000000000   0.000000000000   0.000000000000   0.000000000000
    4    3 -16.305119701892  -1.000000000000  -2.604387087819  -0.000000000000  -8.558672825150   0.000000000000   9.888639829652   0.000000000000   1.488221193039   3.958376780532   0.000000000000   0.000000000000   1.000000000000   2.500000000000   0.010000000000   0.000000000000   0.000000000000   0.000000000000

    0    4 -21.249439616718  -9.000000000000  -3.348497684338  -0.000000000000  -8.558672825150   0.000000000000   9.888639829652   0.000000000000   1.488221193039   3.129772601852   2.071802070106  -1.057970531747   1.000000000000   2.500000000000   0.010000000000   0.000000000000   0.000000000000   0.000000000000
    1    4 -21.249439616718  -7.000000000000  -3.348497684338  -0.000000000000  -8.558672825150   0.000000000000   9.888639829652   0.000000000000   1.488221193039   4.137730995897   0.032392704758   0.038265849073   1.000000000000   2.500000000000   0.010000000000   0.000000000000   0.000000000000   0.000000000000
    2    4 -21.249439616718  -5.000000000000  -3.348497684338  -0.000000000000  -8.558672825150   0.000000000000   9.888639829652   0.000000000000   1.488221193039   4.245215705393  -0.035272091573  -0.072098247238   1.000000000000   2.500000000000   0.010000000000   0.000000000000   0.000000000000   0.000000000000
    3    4 -21.249439616718  -3.000000000000  -3.348497684338  -0.000000000000  -8.558672825150   0.000000000000   9.888639829652   0.000000000000   1.488221193039   4.003243927044  -0.089734293025   0.044867146512   1.000000000000   2.500000000000   0.010000000000   0.000000000000   0.000000000000   0.000000000000
    4    4 -21.249439616718  -1.000000000000  -3.348497684338  -0.000000000000  -8.558672825150   0.000000000000   9.888639829652   0.000000000000   1.488221193039   3.958376780532   0.000000000000   0.000000000000   1.000000000000   2.500000000000   0.010000000000   0.000000000000   0.000000000000   0.000000000000

    0    5 -26.193759531544  -9.000000000000  -4.092608280858  -0.000000000000  -8.558672825150   0.000000000000   9.888639829652   0.000000000000   1.488221193039   3.129772601852   2.071802070106  -1.057970531747   1.000000000000   2.500000000000   0.010000000000   0.000000000000   0.000000000000   0.000000000000
    1    5 -26.193759531544  -7.000000000000  -4.092608280858  -0.000000000000  -8.558672825150   0.000000000000   9.888639829652   0.000000000000   1.488221193039   4.137730995897   0.032392704758   0.038265849073   1.000000000000   2.500000000000   0.010000000000   0.000000000000   0.000000000000   0.000000000000
    2    5 -26.193759531544  -5.000000000000  -4.092608280858  -0.000000000000  -8.558672825150   0.000000000000   9.888639829652   0.000000000000   1.488221193039   4.245215705393  -0.035272091573  -0.072098247238   1.000000000000   2.500000000000   0.010000000000   0.000000000000   0.000000000000   0.000000000000
    3    5 -26.193759531544  -3.000000000000  -4.092608280858  -0.000000000000  -8.558672825150   0.000000000000   9.888639829652   0.000000000000   1.488221193039   4.003243927044  -0.089734293025   0.044867146512   1.000000000000   2.500000000000   0.010000000000   0.000000000000   0.000000000000   0.000000000000
    4    5 -26.193759531544  -1.000000000000  -4.092608280858  -0.000000000000  -8.558672825150   0.000000000000   9.888639829652   0.000000000000   1.488221193039   3.958376780532   0.000000000000   0.000000000000   1.000000000000   2.500000000000   0.010000000000   0.000000000000   0.000000000000   0.000000000000

    0    6 -31.138079446370  -9.000000000000  -4.836718877377  -0.000000000000  -8.558672825150   0.000000000000   9.888639829652   0.000000000000   1.488221193039   3.129772601852   2.071802070106  -1.057970531747   1.000000000000   2.500000000000   0.010000000000   0.000000000000   0.000000000000   0.000000000000
    1    6 -31.138079446370  -7.000000000000  -4.836718877377  -0.000000000000  -8.558672825150   0.000000000000   9.888639829652   0.000000000000   1.488221193039   4.137730995897   0.032392704758   0.038265849073   1.000000000000   2.500000000000   0.010000000000   0.000000000000   0.000000000000   0.000000000000
    2    6 -31.138079446370  -5.000000000000  -4.836718877377  -0.000000000000  -8.558672825150   0.000000000000   9.888639829652   0.000000000000   1.488221193039   4.245215705393  -0.035272091573  -0.072098247238   1.000000000000   2.500000000000   0.010000000000   0.000000000000   0.000000000000   0.000000000000
    3    6 -31.138079446370  -3.000000000000  -4.836718877377  -0.000000000000  -8.558672825150   0.000000000000   9.888639829652   0.000000000000   1.488221193039   4.003243927044  -0.089734293025   0.044867146512   1.000000000000   2.500000000000   0.010000000000   0.000000000000   0.000000000000   0.000000000000
    4    6 -31.138079446370  -1.000000000000  -4.836718877377  -0.000000000000  -8.558672825150   0.000000000000   9.888639829652   0.000000000000   1.488221193039   3.958376780532   0.000000000000   0.000000000000   1.000000000000   2.500000000000   0.010000000000   0.000000000000   0.000000000000   0.000000000000

    0    7 -36.082399361197  -9.000000000000  -5.580829473897  -0.000000000000  -8.558672825150   0.000000000000   9.888639829652   0.000000000000   1.488221193039   3.129772601852   2.071802070106  -1.057970531747   1.000000000000   2.500000000000   0.010000000000   0.000000000000   0.000000000000   0.000000000000
    1    7 -36.082399361197  -7.000000000000  -5.580829473897  -0.000000000000  -8.558672825150   0.000000000000   9.888639829652   0.000000000000   1.488221193039   4.137730995897   0.032392704758   0.038265849073   1.000000000000   2.500000000000   0.010000000000   0.000000000000   0.000000000000   0.000000000000
    2    7 -36.082399361197  -5.000000000000  -5.580829473897  -0.000000000000  -8.558672825150   0.000000000000   9.888639829652   0.000000000000   1.488221193039   4.245215705393  -0.035272091573  -0.072098247238   1.000000000000   2.500000000000   0.010000000000   0.000000000000   0.000000000000   0.000000000000
    3    7 -36.082399361197  -3.000000000000  -5.580829473897  -0.000000000000  -8.558672825150   0.000000000000   9.888639829652   0.000000000000   1.488221193039   4.003243927044  -0.089734293025   0.044867146512   1.000000000000   2.500000000000   0.010000000000   0.000000000000   0.000000000000   0.000000000000
    4    7 -36.082399361197  -1.000000000000  -5.580829473897  -0.000000000000  -8.558672825150   0.000000000000   9.888639829652   0.000000000000   1.488221193039   3.958376780532   0.000000000000   0.000000000000   1.000000000000   2.500000000000   0.010000000000   0.000000000000   0.000000000000   0.000000000000

    0    8 -41.026719276023  -9.000000000000  -6.324940070417  -0.000000000000  -8.558672825150   0.000000000000   9.888639829652   0.000000000000   1.488221193039   3.129772601852   2.071802070106  -1.057970531747   1.000000000000   2.500000000000   0.010000000000   0.000000000000   0.000000000000   0.000000000000
    1    8 -41.026719276023  -7.000000000000  -6.324940070417  -0.000000000000  -8.558672825150   0.000000000000   9.888639829652   0.000000000000   1.488221193039   4.137730995897   0.032392704758   0.038265849073   1.000000000000   2.500000000000   0.010000000000   0.000000000000   0.000000000000   0.000000000000
    2    8 -41.026719276023  -5.000000000000  -6.324940070417  -0.000000000000  -8.558672825150   0.000000000000   9.888639829652   0.000000000000   1.488221193039   4.245215705393  -0.035272091573  -0.072098247238   1.000000000000   2.500000000000   0.010000000000   0.000000000000   0.000000000000   0.000000000000
    3    8 -41.026719276023  -3.000000000000  -6.324940070417  -0.000000000000  -8.558672825150   0.000000000000   9.888639829652   0.000000000000   1.488221193039   4.003243927044  -0.089734293025   0.044867146512   1.000000000000   2.500000000000   0.010000000000   0.000000000000   0.000000000000   0.000000000000
    4    8 -41.026719276023  -1.000000000000  -6.324940070417  -0.000000000000  -8.558672825150   0.000000000000   9.888639829652   0.000000000000   1.488221193039   3.958376780532   0.000000000000   0.000000000000   1.000000000000   2.500000000000   0.010000000000   0.000000000000   0.000000000000   0.000000000000

    0    9 -45.971039190849  -9.000000000000  -7.069050666936  -0.000000000000  -8.558672825150   0.000000000000   9.888639829652   0.000000000000   1.488221193039   3.129772601852   2.071802070106  -1.057970531747   1.000000000000   2.500000000000   0.010000000000   0.000000000000   0.000000000000   0.000000000000
    1    9 -45.971039190849  -7.000000000000  -7.069050666936  -0.000000000000  -8.558672825150   0.000000000000   9.888639829652   0.000000000000   1.488221193039   4.137730995897   0.032392704758   0.038265849073   1.000000000000   2.500000000000   0.010000000000   0.000000000000   0.000000000000   0.000000000000
    2    9 -45.971039190849  -5.000000000000  -7.069050666936  -0.000000000000  -8.558672825150   0.000000000000   9.888639829652   0.000000000000   1.488221193039   4.245215705393  -0.035272091573  -0.072098247238   1.000000000000   2.500000000000   0.010000000000   0.000000000000   0.000000000000   0.000000000000
    3    9 -45.971039190849  -3.000000000000  -7.069050666936  -0.000000000000  -8.558672825150   0.000000000000   9.888639829652   0.000000000000   1.488221193039   4.003243927044  -0.089734293025   0.044867146512   1.000000000000   2.500000000000   0.010000000000   0.000000000000   0.000000000000   0.000000000000
    4    9 -45.971039190849  -1.000000000000  -7.069050666936  -0.000000000000  -8.558672825150   0.000000000000   9.888639829652   0.000000000000   1.488221193039   3.958376780532   0.000000000000   0.000000000000   1.000000000000   2.500000000000   0.010000000000   0.000000000000   0.000000000000   0.000000000000

    0   10 -50.915359105675  -9.000000000000  -7.813161263456  -0.000000000000  -8.558672825150   0.000000000000   9.888639829652   0.000000000000   1.488221193039   3.129772601852   2.071802070106  -1.057970531747   1.000000000000   2.500000000000   0.010000000000   0.000000000000   0.000000000000   0.000000000000
    1   10 -50.915359105675  -7.000000000000  -7.813161263456  -0.000000000000  -8.558672825150   0.000000000000   9.888639829652   0.000000000000   1.488221193039   4.137730995897   0.032392704758   0.038265849073   1.000000000000   2.500000000000   0.010000000000   0.000000000000   0.000000000000   0.000000000000
    2   10 -50.915359105675  -5.000000000000  -7.813161263456  -0.000000000000  -8.558672825150   0.000000000000   9.888639829652   0.000000000000   1.488221193039   4.245215705393  -0.035272091573  -0.072098247238   1.000000000000   2.500000000000   0.010000000000   0.000000000000   0.000000000000   0.000000000000
    3   10 -50.915359105675  -3.000000000000  -7.813161263456  -0.000000000000  -8.558672825150   0.000000000000   9.888639829652   0.000000000000   1.488221193039   4.003243927044  -0.089734293025   0.044867146512   1.000000000000   2.500000000000   0.010000000000   0.000000000000   0.000000000000   0.000000000000
    4   10 -50.915359105675  -1.000000000000  -7.813161263456  -0.000000000000  -8.558672825150   0.000000000000   9.888639829652   0.000000000000   1.488221193039   3.958376780532   0.000000000000   0.000000000000   1.000000000000   2.500000000000   0.010000000000   0.000000000000   0.000000000000   0.000000000000

    0   11 -55.859679020502  -9.000000000000  -8.557271859975  -0.000000000000  -8.558672825150   0.000000000000   9.888639829652   0.000000000000   1.488221193039   3.129772601852   2.071802070106  -1.057970531747   1.000000000000   2.500000000000   0.010000000000   0.000000000000   0.000000000000   0.000000000000
    1   11 -55.859679020502  -7.000000000000  -8.557271859975  -0.000000000000  -8.558672825150   0.000000000000   9.888639829652   0.000000000000   1.488221193039   4.137730995897   0.032392704758   0.038265849073   1.000000000000   2.500000000000   0.010000000000   0.000000000000   0.000000000000   0.000000000000
    2   11 -55.859679020502  -5.000000000000  -8.557271859975  -0.000000000000  -8.558672825150   0.000000000000   9.888639829652   0.000000000000   1.488221193039   4.245215705393  -0.035272091573  -0.072098247238   1.000000000000   2.500000000000   0.010000000000   0.000000000000   0.000000000000   0.000000000000
    3   11 -55.859679020502  -3.000000000000  -8.557271859975  -0.000000000000  -8.558672825150   0.000000000000   9.888639829652   0.000000000000   1.488221193039   4.003243927044  -0.089734293025   0.044867146512   1.000000000000   2.500000000000   0.010000000000   0.000000000000   0.000000000000   0.000000000000
    4   11 -55.859679020502  -1.000000000000  -8.557271859975  -0.000000000000  -8.558672825150   0.000000000000   9.888639829652   0.000000000000   1.488221193039   3.958376780532   0.000000000000   0.000000000000   1.000000000000   2.500000000000   0.010000000000   0.000000000000   0.000000000000   0.000000000000

    0   12 -60.803998935328  -9.000000000000  -9.301382456495  -0.000000000000  -8.558672825150   0.000000000000   9.888639829652   0.000000000000   1.488221193039   3.129772601852   2.071802070106  -1.057970531747   1.000000000000   2.500000000000   0.010000000000   0.000000000000   0.000000000000   0.000000000000
    1   12 -60.803998935328  -7.000000000000  -9.301382456495  -0.000000000000  -8.558672825150   0.000000000000   9.888639829652   0.000000000000   1.488221193039   4.137730995897   0.032392704758   0.038265849073   1.000000000000   2.500000000000   0.010000000000   0.000000000000   0.000000000000   0.000000000000
    2   12 -60.803998935328  -5.000000000000  -9.301382456495  -0.000000000000  -8.558672825150   0.000000000000   9.888639829652   0.000000000000   1.488221193039   4.245215705393  -0.035272091573  -0.072098247238   1.000000000000   2.500000000000   0.010000000000   0.000000000000   0.000000000000   0.000000000000
    3   12 -60.803998935328  -3.000000000000  -9.301382456495  -0.000000000000  -8.558672825150   0.000000000000   9.888639829652   0.000000000000   1.488221193039   4.003243927044  -0.089734293025   0.044867146512   1.000000000000   2.500000000000   0.010000000000   0.000000000000   0.000000000000   0.000000000000
    4   12 -60.803998935328  -1.000000000000  -9.301382456495  -0.000000000000  -8.558672825150   0.000000000000   9.888639829652   0.000000000000   1.488221193039   3.958376780532   0.000000000000   0.000000000000   1.000000000000   2.500000000000   0.010000000000   0.000000000000   0.000000000000   0.000000000000

    0   13 -65.748318850154  -9.000000000000 -10.045493053015  -0.000000000000  -8.558672825150   0.000000000000   9.888639829652   0.000000000000   1.488221193039   3.129772601852   2.071802070106  -1.057970531747   1.000000000000   2.500000000000   0.010000000000   0.000000000000   0.000000000000   0.000000000000
    1   13 -65.748318850154  -7.000000000000 -10.045493053015  -0.000000000000  -8.558672825150   0.000000000000   9.888639829652   0.000000000000   1.488221193039   4.137730995897   0.032392704758   0.038265849073   1.000000000000   2.500000000000   0.010000000000   0.000000000000   0.000000000000   0.000000000000
    2   13 -65.748318850154  -5.000000000000 -10.045493053015  -0.000000000000  -8.558672825150   0.000000000000   9.888639829652   0.000000000000   1.488221193039   4.245215705393  -0.035272091573  -0.072098247238   1.000000000000   2.500000000000   0.010000000000   0.000000000000   0.000000000000   0.000000000000
    3   13 -65.748318850154  -3.000000000000 -10.045493053015  -0.000000000000  -8.558672825150   0.000000000000   9.888639829652   0.000000000000   1.488221193039   4.003243927044  -0.089734293025   0.044867146512   1.000000000000   2.500000000000   0.010000000000   0.000000000000   0.000000000000   0.000000000000
    4   13 -65.748318850154  -1.000000000000 -10.045493053015  -0.000000000000  -8.558672825150   0.000000000000   9.888639829652   0.000000000000   1.488221193039   3.958376780532   0.000000000000   0.000000000000   1.000000000000   2.500000000000   0.010000000000   0.000000000000   0.000000000000   0.000000000000

    0   14 -70.692638764980  -9.000000000000 -10.789603649534  -0.000000000000  -8.558672825150   0.000000000000   9.888639829652   0.000000000000   1.488221193039   3.129772601852   2.071802070106  -1.057970531747   1.000000000000   2.500000000000   0.010000000000   0.000000000000   0.000000000000   0.000000000000
    1   14 -70.692638764980  -7.000000000000 -10.789603649534  -0.000000000000  -8.558672825150   0.000000000000   9.888639829652   0.000000000000   1.488221193039   4.137730995897   0.032392704758   0.038265849073   1.000000000000   2.500000000000   0.010000000000   0.000000000000   0.000000000000   0.000000000000
    2   14 -70.692638764980  -5.000000000000 -10.789603649534  -0.000000000000  -8.558672825150   0.000000000000   9.888639829652   0.000000000000   1.488221193039   4.245215705393  -0.035272091573  -0.072098247238   1.000000000000   2.500000000000   0.010000000000   0.000000000000   0.000000000000   0.000000000000
    3   14 -70.692638764980  -3.000000000000 -10.789603649534  -0.000000000000  -8.558672825150   0.000000000000   9.888639829652   0.000000000000   1.488221193039   4.003243927044  -0.089734293025   0.044867146512   1.000000000000   2.500000000000   0.010000000000   0.000000000000   0.000000000000   0.000000000000
    4   14 -70.692638764980  -1.000000000000 -10.789603649534  -0.000000000000  -8.558672825150   0.000000000000   9.888639829652   0.000000000000   1.488221193039   3.958376780532   0.000000000000   0.000000000000   1.000000000000   2.500000000000   0.010000000000   0.000000000000   0.000000000000   0.000000000000

    0   15 -75.636958679807  -9.000000000000 -11.533714246054  -0.000000000000  -8.558672825150   0.000000000000   9.888639829652   0.000000000000   1.488221193039   3.129772601852   2.071802070106  -1.057970531747   1.000000000000   2.500000000000   0.010000000000   0.000000000000   0.000000000000   0.000000000000
    1   15 -75.636958679807  -7.000000000000 -11.533714246054  -0.000000000000  -8.558672825150   0.000000000000   9.888639829652   0.000000000000   1.488221193039   4.137730995897   0.032392704758   0.038265849073   1.000000000000   2.500000000000   0.010000000000   0.000000000000   0.000000000000   0.000000000000
    2   15 -75.636958679807  -5.000000000000 -11.533714246054  -0.000000000000  -8.558672825150   0.000000000000   9.888639829652   0.000000000000   1.488221193039   4.245215705393  -0.035272091573  -0.072098247238   1.000000000000   2.500000000000   0.010000000000   0.000000000000   0.000000000000   0.000000000000
    3   15 -75.636958679807  -3.000000000000 -11.533714246054  -0.000000000000  -8.558672825150   0.000000000000   9.888639829652   0.000000000000   1.488221193039   4.003243927044  -0.089734293025   0.044867146512   1.000000000000   2.500000000000   0.010000000000   0.000000000000   0.000000000000   0.000000000000
    4   15 -75.636958679807  -1.000000000000 -11.533714246054  -0.000000000000  -8.558672825150   0.000000000000   9.888639829652   0.000000000000   1.488221193039   3.958376780532   0.000000000000   0.000000000000   1.000000000000   2.500000000000   0.010000000000   0.000000000000   0.000000000000   0.000000000000

    0   16 -80.581278594633  -9.000000000000 -12.277824842573  -0.000000000000  -8.558672825150   0.000000000000   9.888639829652   0.000000000000   1.488221193039   3.129772601852   2.071802070106  -1.057970531747   1.000000000000   2.500000000000   0.010000000000   0.000000000000   0.000000000000   0.000000000000
    1   16 -80.581278594633  -7.000000000000 -12.277824842573  -0.000000000000  -8.558672825150   0.000000000000   9.888639829652   0.000000000000   1.488221193039   4.137730995897   0.032392704758   0.038265849073   1.000000000000   2.500000000000   0.010000000000   0.000000000000   0.000000000000   0.000000000000
    2   16 -80.581278594633  -5.000000000000 -12.277824842573  -0.000000000000  -8.558672825150   0.000000000000   9.888639829652   0.000000000000   1.488221193039   4.245215705393  -0.035272091573  -0.072098247238   1.000000000000   2.500000000000   0.010000000000   0.000000000000   0.000000000000   0.000000000000
    3   16 -80.581278594633  -3.000000000000 -12.277824842573  -0.000000000000  -8.558672825150   0.000000000000   9.888639829652   0.000000000000   1.488221193039   4.003243927044  -0.089734293025   0.044867146512   1.000000000000   2.500000000000   0.010000000000   0.000000000000   0.000000000000   0.000000000000
    4   16 -80.581278594633  -1.000000000000 -12.277824842573  -0.000000000000  -8.558672825150   0.000000000000   9.888639829652   0.000000000000   1.488221193039   3.958376780532   0.000000000000   0.000000000000   1.000000000000   2.500000000000   0.010000000000   0.000000000000   0.000000000000   0.000000000000

    0   17 -85.525598509459  -9.000000000000 -13.021935439093  -0.000000000000  -8.558672825150   0.000000000000   9.888639829652   0.000000000000   1.488221193039   3.129772601852   2.071802070106  -1.057970531747   1.000000000000   2.500000000000   0.010000000000   0.000000000000   0.000000000000   0.000000000000
    1   17 -85.525598509459  -7.000000000000 -13.021935439093  -0.000000000000  -8.558672825150   0.000000000000   9.888639829652   0.000000000000   1.488221193039   4.137730995897   0.032392704758   0.038265849073   1.000000000000   2.500000000000   0.010000000000   0.000000000000   0.000000000000   0.000000000000
    2   17 -85.525598509459  -5.000000000000 -13.021935439093  -0.000000000000  -8.558672825150   0.000000000000   9.888639829652   0.000000000000   1.488221193039   4.245215705393  -0.035272091573  -0.072098247238   1.000000000000   2.500000000000   0.010000000000   0.000000000000   0.000000000000   0.000000000000
    3   17 -85.525598509459  -3.000000000000 -13.021935439093  -0.000000000000  -8.558672825150   0.000000000000   9.888639829652   0.000000000000   1.488221193039   4.003243927044  -0.089734293025   0.044867146512   1.000000000000   2.500000000000   0.010000000000   0.000000000000   0.000000000000   0.000000000000
    4   17 -85.525598509459  -1.000000000000 -13.021935439093  -0.000000000000  -8.558672825150   0.000000000000   9.888639829652   0.000000000000   1.488221193039   3.958376780532   0.000000000000   0.000000000000   1.000000000000   2.500000000000   0.010000000000   0.000000000000   0.000000000000   0.000000000000

    0   18 -90.469918424285  -9.000000000000 -13.766046035613  -0.000000000000  -8.558672825150   0.000000000000   9.888639829652   0.000000000000   1.488221193039   3.129772601852   2.071802070106  -1.057970531747   1.000000000000   2.500000000000   0.010000000000   0.000000000000   0.000000000000   0.000000000000
    1   18 -90.469918424285  -7.000000000000 -13.766046035613  -0.000000000000  -8.558672825150   0.000000000000   9.888639829652   0.000000000000   1.488221193039   4.137730995897   0.032392704758   0.038265849073   1.000000000000   2.500000000000   0.010000000000   0.000000000000   0.000000000000   0.000000000000
    2   18 -90.469918424285  -5.000000000000 -13.766046035613  -0.000000000000  -8.558672825150   0.000000000000   9.888639829652   0.000000000000   1.488221193039   4.245215705393  -0.035272091573  -0.072098247238   1.000000000000   2.500000000000   0.010000000000   0.000000000000   0.000000000000   0.000000000000
    3   18 -90.469918424285  -3.000000000000 -13.766046035613  -0.000000000000  -8.558672825150   0.000000000000   9.888639829652   0.000000000000   1.488221193039   4.003243927044  -0.089734293025   0.044867146512   1.000000000000   2.500000000000   0.010000000000   0.000000000000   0.000000000000   0.000000000000
    4   18 -90.469918424285  -1.000000000000 -13.766046035613  -0.000000000000  -8.558672825150   0.000000000000   9.888639829652   0.000000000000   1.488221193039   3.958376780532   0.000000000000   0.000000000000   1.000000000000   2.500000000000   0.010000000000   0.000000000000   0.000000000000   0.000000000000

    0   19 -95.414238339111  -9.000000000000 -14.510156632132  -0.000000000000  -8.558672825150   0.000000000000   9.888639829652   0.000000000000   1.488221193039   3.129772601852   2.071802070106  -1.057970531747   1.000000000000   2.500000000000   0.010000000000   0.000000000000   0.000000000000   0.000000000000
    1   19 -95.414238339111  -7.000000000000 -14.510156632132  -0.000000000000  -8.558672825150   0.000000000000   9.888639829652   0.000000000000   1.488221193039   4.137730995897   0.032392704758   0.038265849073   1.000000000000   2.500000000000   0.010000000000   0.000000000000   0.000000000000   0.000000000000
    2   19 -95.414238339111  -5.000000000000 -14.510156632132  -0.000000000000  -8.558672825150   0.000000000000   9.888639829652   0.000000000000   1.488221193039   4.245215705393  -0.035272091573  -0.072098247238   1.000000000000   2.500000000000   0.010000000000   0.000000000000   0.000000000000   0.000000000000
    3   19 -95.414238339111  -3.000000000000 -14.510156632132  -0.000000000000  -8.558672825150   0.000000000000   9.888639829652   0.000000000000   1.488221193039   4.003243927044  -0.089734293025   0.044867146512   1.000000000000   2.500000000000   0.010000000000   0.000000000000   0.000000000000   0.000000000000
    4   19 -95.414238339111  -1.000000000000 -14.510156632132  -0.000000000000  -8.558672825150   0.000000000000   9.888639829652   0.000000000000   1.488221193039   3.958376780532   0.000000000000   0.000000000000   1.000000000000   2.500000000000   0.010000000000   0.000000000000   0.000000000000   0.000000000000

    0   20 -100.358558253938  -9.000000000000 -15.254267228652  -0.000000000000  -8.558672825150   0.000000000000   9.888639829652   0.000000000000   1.488221193039   3.129772601852   2.071802070106  -1.057970531747   1.000000000000   2.500000000000   0.010000000000   0.000000000000   0.000000000000   0.000000000000
    1   20 -100.358558253938  -7.000000000000 -15.254267228652  -0.000000000000  -8.558672825150   0.000000000000   9.888639829652   0.000000000000   1.488221193039   4.137730995897   0.032392704758   0.038265849073   1.000000000000   2.500000000000   0.010000000000   0.000000000000   0.000000000000   0.000000000000
    2   20 -100.358558253938  -5.000000000000 -15.254267228652  -0.000000000000  -8.558672825150   0.000000000000   9.888639829652   0.000000000000   1.488221193039   4.245215705393  -0.035272091573  -0.072098247238   1.000000000000   2.500000000000   0.010000000000   0.000000000000   0.000000000000   0.000000000000
    3   20 -100.358558253938  -3.000000000000 -15.254267228652  -0.000000000000  -8.558672825150   0.000000000000   9.888639829652   0.000000000000   1.488221193039   4.003243927044  -0.089734293025   0.044867146512   1.000000000000   2.500000000000   0.010000000000   0.000000000000   0.000000000000   0.000000000000
    4   20 -100.358558253938  -1.000000000000 -15.254267228652  -0.000000000000  -8.558672825150   0.000000000000   9.888639829652   0.000000000000   1.488221193039   3.958376780532   0.000000000000   0.000000000000   1.000000000000   2.500000000000   0.010000000000   0.000000000000   0.000000000000   0.000000000000

