Flight configuration defined in input file = input.txt
Angle of attack sweep alpha = 15.000
Flight Condition number = 1
number of timesteps = 20
number of spanwise strips = 18

strip     x_ref         y_ref         z_ref         Gamma0        Cfx           Cfy           Cfz           Cfn           Cd            Cl            Cm            Cn            Ref. area     Ref. span     Ref. lngth    Ref-l cl      Ref-l cm      Ref-l cn      x1            y1            z1            chord1        x2            y2            z2            chord2        Gamma1        Gamma2        cn1           cn0           cn2           A_te          B_te          C_te          
-------------------------------------------------------------------------------------------------------------------------------------------------------------------------------------------------------------------------------------------------------------------------------------------------------------------------------------------------------------------------------------------------------------------------------------------------------------------------------------------------------#
0         0.000000      -9.000000     0.000000      6.837997      0.079621      0.000000      1.185039      1.185039      0.079621      -5.322782     -0.027251     0.505571      2.009184      2.000000      1.004592      2.000000      1.004592      1.004592      0.000000      -10.000000    0.000000      1.004592      0.000000      -8.000000     0.000000      1.004592      0.000000      9.044788      0.000000      1.361348      0.000000      6.837997      4.522394      -2.315603     
1         0.000000      -7.000000     0.000000      9.016112      0.070215      0.000000      1.777691      1.777691      0.070215      -6.221852     -0.023154     0.247533      2.009184      2.000000      1.004592      2.000000      1.004592      1.004592      0.000000      -8.000000     0.000000      1.004592      0.000000      -6.000000     0.000000      1.004592      9.044788      9.147707      1.800689      1.794980      1.800689      9.016112      0.051459      0.080135      
2         0.000000      -5.000000     0.000000      9.322402      0.044291      0.000000      1.834532      1.834532      0.044291      -4.586222     -0.014746     0.115273      2.009184      2.000000      1.004592      2.000000      1.004592      1.004592      0.000000      -6.000000     0.000000      1.004592      0.000000      -4.000000     0.000000      1.004592      9.147707      9.423027      1.821179      1.855958      1.821179      9.322402      0.137660      -0.037035     
3         0.000000      -3.000000     0.000000      9.477401      0.037586      0.000000      1.867454      1.867454      0.037586      -2.801152     -0.012005     0.057875      2.009184      2.000000      1.004592      2.000000      1.004592      1.004592      0.000000      -4.000000     0.000000      1.004592      0.000000      -2.000000     0.000000      1.004592      9.423027      9.513345      1.875991      1.886816      1.875991      9.477401      0.045159      -0.009215     
4         0.000000      -1.000000     0.000000      9.533379      0.034702      0.000000      1.878853      1.878853      0.034702      -0.939418     -0.010860     0.017793      2.009184      2.000000      1.004592      2.000000      1.004592      1.004592      0.000000      -2.000000     0.000000      1.004592      0.000000      0.000000      0.000000      1.004592      9.513345      9.540021      1.893972      1.897960      1.893972      9.533379      0.013338      -0.006695     
5         0.000000      1.000000      0.000000      9.533277      0.034706      0.000000      1.878801      1.878801      0.034706      0.939392      -0.010859     -0.017798     2.009184      2.000000      1.004592      2.000000      1.004592      1.004592      0.000000      0.000000      0.000000      1.004592      0.000000      2.000000      0.000000      1.004592      9.540021      9.513150      1.899283      1.897940      1.899283      9.533277      -0.013436     -0.006691     
6         0.000000      3.000000      0.000000      9.477125      0.037596      0.000000      1.867315      1.867315      0.037596      2.800942      -0.012002     -0.057893     2.009184      2.000000      1.004592      2.000000      1.004592      1.004592      0.000000      2.000000      0.000000      1.004592      0.000000      4.000000      0.000000      1.004592      9.513150      9.422689      1.893933      1.886761      1.893933      9.477125      -0.045230     -0.009206     
7         0.000000      5.000000      0.000000      9.322021      0.044304      0.000000      1.834342      1.834342      0.044304      4.585745      -0.014742     -0.115308     2.009184      2.000000      1.004592      2.000000      1.004592      1.004592      0.000000      4.000000      0.000000      1.004592      0.000000      6.000000      0.000000      1.004592      9.422689      9.147304      1.875924      1.855882      1.875924      9.322021      -0.137692     -0.037025     
8         0.000000      7.000000      0.000000      9.015699      0.070227      0.000000      1.777486      1.777486      0.070227      6.221136      -0.023149     -0.247575     2.009184      2.000000      1.004592      2.000000      1.004592      1.004592      0.000000      6.000000      0.000000      1.004592      0.000000      8.000000      0.000000      1.004592      9.147304      9.044368      1.821099      1.794898      1.821099      9.015699      -0.051468     0.080137      
9         0.000000      9.000000      0.000000      6.837678      0.079625      0.000000      1.184907      1.184907      0.079625      5.322186      -0.027246     -0.505574     2.009184      2.000000      1.004592      2.000000      1.004592      1.004592      0.000000      8.000000      0.000000      1.004592      0.000000      10.000000     0.000000      1.004592      9.044368      -0.000000     1.800605      1.361285      1.800605      6.837678      -4.522184     -2.315494     
10        10.150000     -1.666667     2.000000      2.802622      0.093154      0.000000      0.815618      0.815618      0.093154      -2.027151     -13.976057    0.337054      0.401692      0.666667      0.602538      0.666667      0.602538      0.602538      10.150000     -2.000000     2.000000      0.602538      10.150000     -1.333333     2.000000      0.602538      0.000000      3.844343      0.000000      0.930272      0.000000      2.802622      5.766515      -7.924057     
11        10.150000     -1.000000     2.000000      3.987427      0.125281      0.000000      1.304488      1.304488      0.125281      -1.956077     -22.314688    0.194801      0.401692      0.666667      0.602538      0.666667      0.602538      0.602538      10.150000     -1.333333     2.000000      0.602538      10.150000     -0.666667     2.000000      0.602538      3.844343      4.094139      1.276049      1.323543      1.276049      3.987427      0.374694      -0.163674     
12        10.150000     -0.333333     2.000000      4.121073      0.114211      0.000000      1.354410      1.354410      0.114211      -0.677366     -23.138819    0.055465      0.401692      0.666667      0.602538      0.666667      0.602538      0.602538      10.150000     -0.666667     2.000000      0.602538      10.150000     -0.000000     2.000000      0.602538      4.094139      4.024821      1.358964      1.367904      1.358964      4.121073      -0.103977     -0.554333     
13        10.150000     0.333333      2.000000      4.423293      0.102156      0.000000      1.433131      1.433131      0.102156      0.715973      -24.466717    -0.059106     0.401692      0.666667      0.602538      0.666667      0.602538      0.602538      10.150000     0.000000      2.000000      0.602538      10.150000     0.666667      2.000000      0.602538      4.579233      4.271163      1.519981      1.468220      1.519981      4.423293      -0.462105     0.017141      
14        10.150000     1.000000      2.000000      4.109991      0.118943      0.000000      1.333516      1.333516      0.118943      1.999443      -22.796299    -0.187833     0.401692      0.666667      0.602538      0.666667      0.602538      0.602538      10.150000     0.666667      2.000000      0.602538      10.150000     1.333333      2.000000      0.602538      4.271163      3.926926      1.417723      1.364226      1.417723      4.109991      -0.516355     -0.098516     
15        10.150000     1.666667      2.000000      2.848190      0.091866      0.000000      0.825866      0.825866      0.091866      2.052891      -14.147221    -0.335544     0.401692      0.666667      0.602538      0.666667      0.602538      0.602538      10.150000     1.333333      2.000000      0.602538      10.150000     2.000000      2.000000      0.602538      3.926926      0.000000      1.303461      0.945397      1.303461      2.848190      -5.890390     -7.962537     
16        10.150000     0.000000      0.500000      0.615402      0.002963      -0.169221     0.000000      0.169221      0.002963      -0.368365     -0.045716     -1.703033     0.602538      1.000000      0.602538      1.000000      0.602538      0.602538      10.150000     -0.000000     0.000000      0.602538      10.150000     0.000000      1.000000      0.602538      -0.000000     0.808792      -0.000000     0.204270      -0.000000     0.615402      0.808792      -0.844021     
17        10.150000     0.000000      1.500000      0.736390      0.003342      -0.205511     0.000000      0.205511      0.003342      -0.247506     0.003040      -2.114385     0.602538      1.000000      0.602538      1.000000      0.602538      0.602538      10.150000     -0.000000     1.000000      0.602538      10.150000     0.000000      2.000000      0.602538      0.808792      0.554412      0.268462      0.244429      0.268462      0.736390      -0.254381     -0.219152     
