


Program Version: FreeWake2020_dev V0.4
Flight configuration defined in input file : input.txt
Flight Condition number : 1
This file holds surface and wake DVE informtion of last timestep (old timestep##.txt)
Angle of attack sweep alpha : 15.000
Ref. Area   : 20.000000
Aspect Ratio: 20.000000
surface and wake DVE after number of timesteps: 20
elements in span direction: 5
number of surface elements: 100
no. of wings: 1  first and last span indices of each wing:  0  4

 index               xo               yo               zo        Nlift_tot        NLift_ind           NY_tot              NYi                A                B                C              eta              xsi               nu          epsilon              psi            phiLE             phi0            phiTE	#
     0 -101.377487837799  -9.000000000000 -27.164980963417  26.329725855275   1.459727834296   0.000000000000   0.000000000000   1.460686500559   0.809126702028  -0.651559798531   1.000000000000   0.046061291695  -0.000000000000 -13.840496094514  -0.000000000000   0.000000000000  -0.283286564735  -0.566573129470
     1 -101.387930806734  -7.000000000000 -27.165109131891  27.503654107072   3.104927606907   0.000000000000   0.000000000000   1.196017371012  -0.350479171055   0.071756861990   1.000000000000   0.035969279027  -0.000000000000 -17.624361594471  -0.000000000000   0.000000000000  -0.283286564735  -0.566573129470
     2 -101.398119937036  -5.000000000000 -27.166554262589  17.498245141844   2.729260287821   0.000000000000   0.000000000000   0.731419335744  -0.164786005331   0.021089720872   1.000000000000   0.025877266359  -0.000000000000 -21.408227094428  -0.000000000000   0.000000000000  -0.283286564735  -0.566573129470
     3 -101.407927908347  -3.000000000000 -27.169280672885  12.372721425872   2.734508942301   0.000000000000   0.000000000000   0.477712090058  -0.097415358864   0.012595602362   1.000000000000   0.015785253691  -0.000000000000 -25.192092594386  -0.000000000000   0.000000000000  -0.283286564735  -0.566573129470
     4 -101.417231181811  -1.000000000000 -27.173241687406   6.626815274839   1.869745188368   0.000000000000   0.000000000000   0.258557173096  -0.196446166778  -0.062111006319   1.000000000000   0.005693241023  -0.000000000000 -28.975958094343  -0.000000000000   0.000000000000  -0.283286564735  -0.566573129470
     5 -101.287276406346  -8.999986783815 -27.150440019935  17.815161035241   2.143746013784  -0.016514216231  -0.007432526519   2.387191062355   1.306821761853  -1.080358579052   1.000003091945   0.045285593885  -0.035942990052  -8.185444777537   0.011603777958  -0.560799752332  -0.844031769918  -1.127263787505
     6 -101.317450543435  -6.999983414384 -27.152895751691  20.183967787573   5.992921922091  -0.006911807012   0.001311998883   1.887053018039  -0.599288324548   0.127306282984   1.000004660231   0.035365958508   0.015720544695 -13.225960235912   0.030466806876  -0.551543262219  -0.834776620462  -1.118009978704
     7 -101.347492154900  -4.999983651390 -27.157110918161  11.854713655161   4.338929386843   0.007329293947   0.011684741147   1.103277019499  -0.278905823965   0.032884146986   1.000006904368   0.025446323131   0.069571133584 -18.266445613357   0.058617229455  -0.538020782809  -0.821256073009  -1.104491363209
     8 -101.377174311211  -2.999987407727 -27.163043023664   7.080111724562   3.196330856268   0.011473863182   0.013724540145   0.668103491099  -0.165159993473   0.023988307208   1.000009755059   0.015526687754   0.126650861200 -23.306889276473   0.096577687117  -0.520336930388  -0.803574699499  -1.086812468609
     9 -101.406277088747  -0.999994542827 -27.170623490509   3.247275378174   1.759822099557   0.008379684751   0.009241673864   0.336605771788  -0.263461873107  -0.073138521142   1.000013124274   0.005607052378   0.188239283511 -28.347279212866   0.145143488757  -0.498628512815  -0.781869251259  -1.065109989704
    10 -101.197103359275  -8.999985735626 -27.143099106532  14.590080946000   2.397939146796  -0.053136145697  -0.025766051389   3.107264202881   1.695481896463  -1.411752334901   1.000006632340   0.045141482280  -0.049442319981  -6.096519641204   0.012854091704  -1.126621636442  -1.409743656800  -1.692865677157
    11 -101.247011431798  -6.999978906198 -27.146754475898  18.354049273074   7.192251766073  -0.033221052063  -0.008163973869   2.431417242980  -0.791072906408   0.168482218329   1.000012335769   0.035253871704   0.062158560881 -11.601186264163   0.046782357745  -1.109880585976  -1.393006652873  -1.676132719770
    12 -101.296856538564  -4.999977800244 -27.152333474308  11.050716155532   5.134593575998   0.006595163097   0.019876244929   1.396210485634  -0.371099005961   0.041501767578   1.000021347506   0.025366261128   0.178262669993 -17.105727088095   0.102577295346  -1.082901453118  -1.366033939641  -1.649166426163
    13 -101.346367275006  -2.999982293582 -27.159794365295   6.461249371173   3.522433973772   0.019454742897   0.026052078780   0.811906620981  -0.221290272755   0.033400599631   1.000033335756   0.015478650553   0.301461244071 -22.610081781867   0.181442897832  -1.045933345002  -1.329074424373  -1.612215503744
    14 -101.395280467192  -0.999992160631 -27.169061331906   2.817625064993   1.771907983806   0.015301809270   0.017649335702   0.390761728298  -0.311990967321  -0.078748291523   1.000047859146   0.005591039977   0.434958123135 -28.114188228027   0.285306511416  -0.999317571725  -1.282469150793  -1.565620729861
    15 -101.106939521113  -8.999987371049 -27.138952679640  13.351932154753   2.687932126517  -0.087409358173  -0.041510851445   3.733133511890   2.043329787913  -1.689755291928   1.000008931097   0.045084091217  -0.063406180518  -4.599416038284   0.010965232232  -1.693792248142  -1.976748664105  -2.259705080068
    16 -101.176585058756  -6.999977719302 -27.143176257833  19.507104772312   8.934018568939  -0.058833897518  -0.013326689439   2.949790361675  -0.937553738370   0.199324525606   1.000020542124   0.035209234211   0.112943989486 -10.436712626693   0.056717074316  -1.671143832282  -1.954107922424  -2.237072012567
    17 -101.246225837523  -4.999975199318 -27.149441409854  13.870063816060   7.420280809233   0.013122536511   0.040882796072   1.717558930003  -0.449045630480   0.044923607231   1.000040659214   0.025334377205   0.296057338802 -16.273722967300   0.139053273668  -1.631159496236  -1.914136919254  -2.197114342273
    18 -101.315555930682  -2.999979672169 -27.157708365465   9.561655442692   5.861565706294   0.046713110118   0.062638522084   0.994585362049  -0.278435471733   0.040376881806   1.000068449505   0.015459520199   0.490426282541 -22.110285624640   0.259936715526  -1.574254925584  -1.857250849306  -2.140246773028
    19 -101.384278471534  -0.999990856549 -27.167896596385   4.729844397501   3.251115863286   0.041498661325   0.047863199153   0.468536683686  -0.378217753930  -0.090261511180   1.000102762544   0.005584663192   0.701624388261 -27.946234759391   0.422636699157  -1.501021599701  -1.784040512957  -2.067059426213
    20 -101.016737341646  -8.999993959375 -27.138236975960  13.137993513628   2.823555812606  -0.137766175484  -0.069234787968   4.327957787407   2.400849450660  -1.927058696801   1.000007936065   0.045059239120  -0.131433990646  -2.065104248948   0.002944830732  -2.263697883797  -2.546432166251  -2.829166448706
    21 -101.105900772833  -6.999986063352 -27.143555101253  24.056290185326  11.539451480320  -0.128875661179  -0.045711038091   3.568660809930  -1.012814921331   0.220238326038   1.000015792124   0.035177691656   0.029572822288  -6.113104016353   0.025848618556  -2.252282306076  -2.535021585665  -2.817760865255
    22 -101.195090157146  -4.999983397615 -27.150279112853  23.989849371679  13.544730458392  -0.012090023554   0.057309638614   2.242024252725  -0.495737137217   0.038295890541   1.000031268270   0.025296144192   0.193035053145 -10.160960542922   0.071658849577  -2.229623155155  -2.512372287436  -2.795121419718
    23 -101.284157651621  -2.999985923573 -27.158398637197  23.089296739414  14.930621115733   0.092348391993   0.146556423201   1.403335739666  -0.343284146193   0.037927357336   1.000054055665   0.015414596728   0.360690377011 -14.208578878289   0.140856276724  -2.195834004959  -2.478597665743  -2.761361326528
    24 -101.372957249559  -0.999993551236 -27.167889485703  14.445895847442  10.358243543383   0.111853780050   0.139013038964   0.689749513865  -0.548936301676  -0.140743705075   1.000083699594   0.005533049263   0.534453577708 -18.255863675270   0.234208655747  -2.151084190258  -2.433866790580  -2.716649390903
    25 -100.926580110803  -8.999998564440 -27.139365668000  11.787238341828   2.434568034942  -0.185398884866  -0.099013995957   4.863851792957   2.731966274151  -2.131837347226   1.000006885928   0.045077776136  -0.186738914587  -0.494981594982   0.000211434309  -2.830527822740  -3.112985860368  -3.395443897996
    26 -101.035476270071  -6.999989167430 -27.144189330416  23.197551560088  11.158316128400  -0.208847955744  -0.097648909783   4.166080437012  -1.064001930969   0.233864342109   1.000015317578   0.035191724662   0.026168156790  -4.789805858458   0.019821605908  -2.820740028602  -3.103203303671  -3.385666578739
    27 -101.144445744445  -4.999985270666 -27.150505035441  24.867806179438  14.459906365827  -0.080088397894   0.016042999843   2.766300471418  -0.542957946936   0.026653074346   1.000037268735   0.025305673189   0.241765115770  -9.084432731879   0.071522139221  -2.795097619130  -3.077574537610  -3.360051456090
    28 -101.253321762606  -2.999986846626 -27.158305316949  24.324974366101  16.408392652170   0.050209891266   0.123330509170   1.798929869279  -0.412379982051   0.038632123750   1.000072246087   0.015419621716   0.462589678891 -13.378685130655   0.155915413591  -2.753745639134  -3.036244322206  -3.318743005278
    29 -101.361939391194  -0.999993806777 -27.167566159187  15.544599808339  11.633305089874   0.099496351402   0.135622585799   0.901293257289  -0.712493783083  -0.188669276166   1.000119463649   0.005533570242   0.691425755643 -17.672385416804   0.274038263465  -2.696917940811  -2.979446055701  -3.261974170591
    30 -100.836418314184  -9.000002908845 -27.143177705531  10.479454948650   2.171878768292  -0.220748775359  -0.120117748453   5.340275344249   3.025257951994  -2.314969271712   1.000006285985   0.045135093677  -0.257649735960   1.099756248832   0.001252545459  -3.394923368242  -3.677051665067  -3.959179961892
    31 -100.965037051241  -6.999993044113 -27.146955591569  21.537071476621  10.798184899870  -0.250830122450  -0.120748235678   4.697192388706  -1.101981675768   0.251361063359   1.000011721523   0.035235655921   0.007817672719  -3.370403633119   0.011770393557  -3.389669462937  -3.671801080469  -3.953932698001
    32 -101.093779066754  -4.999988394304 -27.152286532191  25.631879284327  15.836122096648  -0.098765485921   0.019892120547   3.260552050323  -0.572726749926   0.013262944007   1.000038394192   0.025336218166   0.275732133893  -7.840346849130   0.063859419327  -3.363769290774  -3.645917209459  -3.928065128145
    33 -101.222463275059  -2.999988948230 -27.159167195295  28.077550029194  20.182580703827   0.085284568550   0.180917621242   2.193623598594  -0.468600584369   0.038796306484   1.000085654219   0.015436780410   0.549456614017 -12.309785985659   0.158168075024  -3.317382058789  -3.599558886355  -3.881735713920
    34 -101.350910222915  -0.999994631813 -27.167575519891  19.768395363816  15.626010291137   0.166344062181   0.216521449021   1.127308924889  -0.881758578455  -0.245341248748   1.000152350432   0.005537342654   0.832647436934 -16.778433054455   0.295927924500  -3.250792823358  -3.533010506928  -3.815228190498
    35 -100.746271975529  -9.000005361215 -27.149476314556   9.298070780660   1.956369920884  -0.250559716980  -0.138434114885   5.757067288056   3.292911995849  -2.464087515422   1.000008244240   0.045204470779  -0.328840193776   2.483636711432   0.007454791364  -3.956084022974  -4.237830514660  -4.519577006345
    36 -100.894607559171  -6.999996996735 -27.151893792882  22.276359625899  11.624611940691  -0.320709650290  -0.158031594431   5.222817034827  -1.090802314240   0.272249024531   1.000006062009   0.035287933980  -0.033416297211  -1.782003522657   0.003837155929  -3.957891559391  -4.239636734501  -4.521381909611
    37 -101.043092676354  -4.999992684347 -27.155791835120  33.488790466233  21.807894609339  -0.156525877889   0.021869769928   3.851249293350  -0.559687761844  -0.006693195648   1.000030338359   0.025371397180   0.263375257546  -6.047501775958   0.044268536606  -3.937736874570  -4.219496698477  -4.501256522384
    38 -101.191562152787  -2.999992427425 -27.161171674182  45.418637745502  34.409328419113   0.166377751468   0.334516641958   2.745699997179  -0.505140512681   0.033964288005   1.000080534160   0.015454860381   0.564871616806 -10.312518193316   0.129200010645  -3.895733215017  -4.177523345564  -4.459313476111
    39 -101.339851761892  -0.999996184631 -27.168018206116  37.308477702932  30.807187997916   0.360639569776   0.459930052526   1.487229188213  -1.137067427579  -0.349876062842   1.000155534782   0.005538323582   0.874623085212 -14.576712684931   0.259613234466  -3.832116524163  -4.113951983185  -4.395787442207
    40 -100.656117692989  -9.000005407890 -27.157603565299   7.018303790878   1.236767732478  -0.244737791548  -0.136946569562   6.080363569140   3.513497698981  -2.566743033309   1.000014205685   0.045295070403  -0.394625198794   3.610264030377   0.018008820822  -4.514308372516  -4.795621839538  -5.076935306560
    41 -100.824191110990  -6.999998940292 -27.157984468401  21.048910864560  11.012472328000  -0.365882817997  -0.178763000129   5.713299266045  -1.007523840649   0.306267935869   1.000002579340   0.035358400354  -0.036975945124  -0.905715059890   0.001132702028  -4.522737579274  -4.804044101719  -5.085350624165
    42 -100.992459317739  -4.999995445765 -27.159933428967  44.768972438623  30.348664424547  -0.225198136373   0.043654743995   4.581786174354  -0.465500361476  -0.035255937949   1.000029734054   0.025421730305   0.321561952412  -5.421588508724   0.040647137259  -4.503025603935  -4.784348347623  -5.065671091311
    43 -101.160736818979  -2.999994933105 -27.163455086208  80.616005682400  64.252143790994   0.423598847805   0.728687435313   3.567649675409  -0.490616666271   0.022696677821   1.000094993324   0.015485060256   0.685481295718  -9.936829608629   0.137042856374  -4.455297117182  -4.736658864014  -5.018020610846
    44 -101.328838980789  -0.999997374255 -27.168534641256  80.159923750781  69.210627912597   0.970501218876   1.174640389914   2.102112251845  -1.549538853751  -0.552051321672   1.000196731569   0.005548390207   1.059547036777 -14.450911451310   0.291557964587  -4.379853873248  -4.661276482297  -4.942699091346
    45 -100.603325001047  -9.000003055318 -27.167628001560  -5.795434974344   2.683262735078   0.297150583579   0.108681923768   5.567104889732   3.262439638690  -2.299147385312   1.000701808894   0.008694511505  -2.412746305360  24.874247128509   0.995213969635  -4.612345235416  -4.381912113200  -4.151478990984
    46 -100.773455499822  -7.000005175506 -27.171837304427  -2.473153462508  -0.575078450643   0.318487761979   0.276296417746   5.587861230981  -0.543112599483   0.397773562287   1.000531121325   0.016931962806  -2.053349965599  21.465272048718   0.734152842688  -4.731936462673  -4.501578098379  -4.271219734086
    47 -100.943282598020  -5.000006514752 -27.175111179559  39.374585462989  18.538926969319  -0.834357547924  -0.371212290579   5.632758564901   0.127202520520  -0.062803341764   1.000380975641   0.025169414107  -1.710298232624  18.054469440494   0.515363500989  -4.834695565566  -4.604403033681  -4.374110501796
    48 -101.112890390605  -3.000007051776 -27.177424138684 131.367610492372  89.096967087521  -0.608899749664   0.330712887193   5.691240110729  -0.013381447540  -0.007462823797   1.000253513394   0.033406865408  -1.380232905132  14.642136688232   0.336862081429  -4.920250149277  -4.690013552864  -4.459776956451
    49 -101.282364832896  -1.000006770919 -27.178757422959 171.219385687344 134.163765760062   1.112682431994   1.936372963902   4.238633926372  -2.834767547582  -1.403017105368   1.000150553353   0.041644316709  -1.060221438914  11.228565927015   0.197155384496  -4.988289827457  -4.758098444765  -4.527907062074
    50 -100.587012620625  -9.000007180020 -27.172872979288 -14.894568264017 -24.771398208818   0.575857532623   0.763885796983   6.111625427772   3.655480888200  -2.451001972150   1.000600840397   0.008641449328  -2.305085352406  25.353720501189   0.939847470315  -4.172700366299  -3.942009614357  -3.711318862414
    51 -100.740952220080  -7.000012650135 -27.179572201816 -12.793780661081 -31.063102911939  -0.104171252619   0.243627481697   6.491854230676  -0.396716582436   0.426164762025   1.000495432342   0.016772584137  -2.064561072708  22.875825914701   0.759625482272  -4.254629256965  -4.023984463435  -3.793339669905
    52 -100.894646891434  -5.000016838231 -27.185610325364  -1.696354067574 -27.370151122916  -0.728195325528  -0.239435315807   6.916059261693   0.332712474894  -0.061636803868   1.000398549193   0.024903718946  -1.832616872451  20.397081186549   0.600145932573  -4.328567148193  -4.097964637552  -3.867362126912
    53 -101.048139797676  -3.000019714624 -27.190972042393  12.458128121959 -22.384675587177  -1.598287035967  -0.934973812649   7.422336664520   0.260700642536   0.025647478662   1.000310920426   0.033034853755  -1.607980986298  17.917581864670   0.460605415047  -4.394373073478  -4.163808839081  -3.933244604684
    54 -101.201474941250  -1.000021254493 -27.195644553462  23.253095219099  -6.196356021587  -1.535483767581  -0.974845462166   5.937628501241  -3.853492239421  -2.082266296934   1.000233206018   0.041165988565  -1.389513114230  15.437421662440   0.340345383185  -4.451921478629  -4.221391214279  -3.990860949928
    55 -100.570913055149  -9.000014037887 -27.178824036377 -18.383797592724 -24.430079927089   0.751957695756   0.844053006446   6.436337406703   3.913674994841  -2.518127526886   1.000506622804   0.008628744563  -2.224527427110  25.709202422491   0.872132111432  -3.752577948874  -3.521666310682  -3.290754672491
    56 -100.709039383023  -7.000025148228 -27.189284868934 -22.024659928074 -35.062389060103   0.750002658578   0.948589765282   7.140863153525  -0.255174831048   0.434789884108   1.000433475270   0.016731593453  -2.040904255094  23.628971672226   0.732146450088  -3.815910866201  -3.585030941578  -3.354151016956
    57 -100.846949744894  -5.000034202372 -27.199197149055 -12.789899674691 -31.979814200494   0.094441606859   0.386737110546   7.875183521651   0.493691250937  -0.060523218112   1.000365077515   0.024834442344  -1.863001151428  21.548237074849   0.605515222881  -3.874196116855  -3.643345875553  -3.412495634250
    58 -100.984674187572  -3.000041157495 -27.208549452782   0.163276086399 -26.058228226384  -0.709458456336  -0.310059709653   8.726774815962   0.463721431842   0.045546658609   1.000301792108   0.032937291234  -1.690108260482  19.467045040468   0.491775677564  -3.927355667768  -3.696532914948  -3.465710162128
    59 -101.122243289789  -1.000045976266 -27.217331820753  13.921811665195  -8.063489462211  -0.973899321648  -0.639025257560   7.204646560262  -4.616978841487  -2.585279850026   1.000243954584   0.041040140125  -1.521580653435  17.385441076884   0.390535394307  -3.975318311025  -3.744520699532  -3.513723088039
    60 -100.554927736803  -9.000022238604 -27.185113313749 -12.899849663698 -17.543100914253   0.552214442498   0.603985981580   6.681868296714   4.119750769383  -2.558198500770   1.000424264118   0.008624113906  -2.155501325699  26.026239805216   0.798326577692  -3.341222918290  -3.110119005917  -2.879015093543
    61 -100.677442402383  -7.000040297658 -27.199936524446 -17.193937955234 -27.996857120263   0.650486189630   0.770937080951   7.680487348644  -0.125783351153   0.436354006266   1.000373059635   0.016714315475  -2.012328168552  24.221806386314   0.687671380368  -3.391082225939  -3.160000352540  -2.928918479140
    62 -100.799762861381  -5.000055584012 -27.214287749749 -10.594247790840 -26.656548620985   0.208713820037   0.387806010037   8.678290674780   0.626211816089  -0.060499568335   1.000324636640   0.024804517044  -1.873143069489  22.417063058095   0.586080716255  -3.437568635167  -3.206507624572  -2.975446613977
    63 -100.921911525719  -3.000068045054 -27.228158033573  -0.486076487283 -22.184795660355  -0.383436739088  -0.141499349295   9.807546445482   0.621271149012   0.058032673143   1.000279188066   0.032894718612  -1.737517363034  20.612034155066   0.493268664186  -3.480635467733  -3.249594056236  -3.018552644740
    64 -101.043911171569  -1.000077633732 -27.241539366765  10.625297461970  -7.269509391289  -0.656875452307  -0.457351101290   8.234063884974  -5.242286192346  -2.989119438333   1.000236895023   0.040984920181  -1.605057713042  18.806743541784   0.408987152538  -3.520239462947  -3.289216304664  -3.058193146381
    65 -100.539024742318  -9.000031346949 -27.191640660949  -9.662756490242 -13.572694600836   0.429017030759   0.455874740885   6.886312038657   4.297942393361  -2.585020030462   1.000353749214   0.008621682362  -2.086635716036  26.213285000150   0.713594813737  -2.939013850824  -2.707744936881  -2.476476022938
    66 -100.646083490971  -7.000057463120 -27.211272059108 -13.685971081417 -23.212266298800   0.569660502458   0.635097465470   8.157939749610  -0.007762803888   0.432943270277   1.000320158260   0.016706278956  -1.980419212189  24.701437711346   0.630696404417  -2.976252249314  -2.744997655992  -2.513743062670
    67 -100.752974328388  -5.000080347164 -27.230510676375  -8.460084639890 -22.503297967989   0.264464302967   0.360928375321   9.380715703523   0.735781249319  -0.061292198643   1.000288052881   0.024790875551  -1.876744071457  23.189418135333   0.553452938810  -3.011413792041  -2.780172899778  -2.548932007515
    68 -100.859712870390  -3.000099945441 -27.249349994225  -0.219839312684 -18.848359191344  -0.175787677333  -0.047826729405  10.735920177815   0.747565631658   0.067184743605   1.000257522793   0.032875472145  -1.775381098532  21.677237465495   0.481708659158  -3.044473763176  -2.813245911756  -2.582018060336
    69 -100.966314956362  -1.000116208858 -27.267784046468   8.707799774285  -6.440611046265  -0.436045672249  -0.331989900732   9.104258950635  -5.774128564306  -3.327288347667   1.000228653319   0.040960068740  -1.676117474185  20.164906691999   0.415325199921  -3.075408918339  -2.844193408879  -2.612977899419
    70 -100.523209938027  -9.000041640866 -27.198416125053  -7.217373787456 -10.638382383589   0.338716760812   0.346910451136   7.063879353291   4.456383875077  -2.604558811187   1.000303804891   0.008623735871  -2.037826658838  26.539521811961   0.634037419845  -2.538690821563  -2.307280287893  -2.075869754223
    71 -100.614972588479  -7.000077103968 -27.223307827269 -10.523096193057 -19.072971466934   0.493726920294   0.514204808125   8.587608639325   0.098767812569   0.426421577967   1.000282536530   0.016708500634  -1.960551478236  25.278822059799   0.572941326393  -2.566019802956  -2.334618219445  -2.103216635934
    72 -100.706590498717  -5.000109051655 -27.247874171601  -6.230666765028 -18.656439110218   0.286191146238   0.315952232118  10.002464226103   0.826476701390  -0.062671191849   1.000262024373   0.024793265398  -1.884862861424  24.018030222397   0.515289005040  -2.592104338345  -2.360711395585  -2.129318452825
    73 -100.798074448541  -3.000137433104 -27.272110454406   0.477575539694 -15.708166234990  -0.035398434873   0.003368189657  11.542640977313   0.850897526298   0.074879881670   1.000242308245   0.032878030161  -1.810641465252  22.757151216439   0.460997730299  -2.616931708754  -2.385547079330  -2.154162449906
    74 -100.889435352980  -1.000162200928 -27.296012289740   7.393039078275  -5.635209879083  -0.269821604288  -0.238617520927   9.851954222420  -6.232937825550  -3.616007789896   1.000223426430   0.040962794924  -1.737775304830  21.496189874904   0.409992526987  -2.640489806266  -2.409113145453  -2.177736484639
    75 -100.507483738760  -9.000053112808 -27.205442636541  -5.030651608452  -7.972281306663   0.257649284781   0.250990305248   7.215505973034   4.594634618071  -2.618186772355   1.000273053115   0.008629699968  -2.000146543194  26.920253126591   0.553049984404  -2.143077329679  -1.911549024286  -1.680020718893
    76 -100.584106188298  -7.000099416366 -27.236034599826  -7.411603478897 -14.951113385528   0.411511761426   0.394444541108   8.967209597910   0.194148326119   0.418549297746   1.000260979262   0.016721463915  -1.948601441483  25.935853617697   0.511705456916  -2.161479640903  -1.929956324479  -1.698433008055
    77 -100.660611388970  -5.000142290433 -27.266374259902  -3.984765066249 -14.872962936428   0.283605156500   0.258957497140  10.547454691112   0.902609203562  -0.064412038513   1.000249226681   0.024813227862  -1.897909510364  24.951412720625   0.472162761481  -2.179243115162  -1.947724659808  -1.716206204455
    78 -100.737005863551  -3.000181694410 -27.296458629928   1.306276750637 -12.727990415101   0.061168264180   0.029398834510  12.241940058202   0.938030618121   0.082119270266   1.000237809273   0.032904991808  -1.848020577091  23.966932134998   0.434386381573  -2.196362482187  -1.964848753741  -1.733335025296
    79 -100.813296202218  -1.000217589737 -27.326284873038   6.387061717979  -4.873254387979  -0.140104589788  -0.165594614765  10.498043137830  -6.629672824892  -3.865114142405   1.000226740546   0.040996755755  -1.798886976305  22.982413534823   0.398343420135  -2.212832662340  -1.981323520555  -1.749814378771
    80 -100.491844472240  -9.000065422576 -27.212718055681  -3.142497212594  -5.581346497327   0.184457805731   0.167072440338   7.340404783492   4.710747073133  -2.627051173352   1.000261555110   0.008636129964  -1.963623090589  27.122335205888   0.461230099399  -1.756896006028  -1.525274023263  -1.293652040499
    81 -100.553482001644  -7.000123614251 -27.249454012641  -4.522458366667 -10.924599233918   0.323248300325   0.277610564951   9.289950699932   0.276782576096   0.410651156896   1.000255415320   0.016739157080  -1.931789830933  26.386068417420   0.435471013716  -1.768324610449  -1.536705097856  -1.305085585264
    82 -100.615029413511  -5.000178684874 -27.286002146863  -1.901798794848 -11.140244568696   0.259295275869   0.193438908094  11.009980066947   0.965820837434  -0.066220397837   1.000249394253   0.024842184195  -1.900359520976  25.649785724867   0.410547397227  -1.779460962871  -1.547843875012  -1.316226787154
    83 -100.676490337167  -3.000230605822 -27.322360735939   2.046632250594  -9.805586442195   0.122438151261   0.037949472940  12.832287629012   1.011202420794   0.088906056244   1.000243495891   0.032945211311  -1.869314380625  24.913487612458   0.386446479513  -1.790303218063  -1.558688507716  -1.327073797369
    84 -100.737868431136  -1.000279349512 -27.358528119812   5.452984284417  -4.063911513370  -0.037781407925  -0.105622709923  11.044184472378  -6.964687141512  -4.075903545012   1.000237724135   0.041048238426  -1.838637313658  24.177174558438   0.363156200761  -1.800849579438  -1.569237197632  -1.337624815826
    85 -100.476293428278  -9.000079344328 -27.220232491521  -1.739595083294  -3.678480163440   0.128506955278   0.104925349933   7.439143401930   4.803943679624  -2.632431307918   1.000274929851   0.008646213354  -1.944650957469  27.561663752089   0.374031646930  -1.372495682040  -1.140801351932  -0.909107021824
    86 -100.523088470554  -7.000150763716 -27.263503738502  -2.306392485431  -7.507642650956   0.248133072374   0.184873093760   9.552237710185   0.345815800825   0.403981277943   1.000271855475   0.016761513359  -1.924402206036  26.969806231740   0.357424752696  -1.379826134019  -1.148132988489  -0.916439842958
    87 -100.569809046971  -5.000219203046 -27.306624745452  -0.377708731330  -7.937801473907   0.230997534762   0.139048236036  11.388588704323   1.017898578903  -0.068031424742   1.000268827000   0.024876813364  -1.904365101882  26.377942237970   0.341246606931  -1.387009271408  -1.155317294008  -0.923625316607
    88 -100.616457490288  -3.000284639585 -27.349594366266   2.446131816057  -7.271487629932   0.160756058590   0.042565935299  13.316046406613   1.072388319160   0.095269256630   1.000265845718   0.032992113370  -1.884532136215  25.786071927360   0.325491730968  -1.394044326116  -1.162353499825  -0.930662673534
    89 -100.663036148920  -1.000347051237 -27.392411487037   4.569158711244  -3.276725488101   0.037813182274  -0.057612042597  11.494684569294  -7.240116346394  -4.250429423584   1.000262912905   0.041107413375  -1.864896038595  25.194195454787   0.310154892561  -1.400930545870  -1.169240853102  -0.937551160333
    90 -100.460811748223  -9.000094004041 -27.227945494633  -0.777970254070  -2.132410938807   0.082001732728   0.058525971419   7.507070516078   4.870865598160  -2.633046164435   1.000311582417   0.008657482669  -1.925616864409  27.900259708678   0.278914756689  -0.994689536827  -0.762944426103  -0.531199315379
    91 -100.492873613174  -7.000179841750 -27.278063202143  -0.817751169966  -4.673926011580   0.180498524455   0.113661607070   9.746786823267   0.400906848079   0.398763405195   1.000310447468   0.016789790118  -1.915361325229  27.491052387449   0.270411059567  -0.998426686175  -0.766681979065  -0.534937271954
    92 -100.524882607354  -5.000263278997 -27.328077484562   0.509067798007  -5.230555185261   0.195481380809   0.095999712339  11.676129309176   1.059220615543  -0.069708753974   1.000309323820   0.024922097566  -1.905181711267  27.081843396139   0.262058087553  -1.002112892734  -0.770368585667  -0.538624278600
    93 -100.556839840499  -3.000344302697 -27.377987778122   2.405006191978  -5.069144796488   0.174455577903   0.044910307613  13.687639751076   1.123038543130   0.101607963582   1.000308211703   0.033054405015  -1.895076155720  26.672632762427   0.253854459400  -1.005747968268  -0.774004057575  -0.542260146881
    94 -100.588746427685  -1.000422900009 -27.427793529635   3.639981173540  -2.500694338557   0.085298735661  -0.021134151526  11.847883491368  -7.454058291428  -4.388839835121   1.000307111345   0.041186712464  -1.885042833841  26.263420513769   0.245798837146  -1.009331727152  -0.777588209064  -0.545844690975
    95 -100.445421857252  -9.000110922667 -27.235910868388  -0.131172557183  -0.789702761239   0.035169078328   0.020253511857   7.538148430544   4.906831110741  -2.627504536108   1.000375169635   0.008676286163  -1.916883212568  28.557199863677   0.183764005621  -0.620340425952  -0.388564878923  -0.156789331893
    96 -100.462885986551  -7.000213438248 -27.293248943727   0.181326569712  -2.095100167217   0.100047602773   0.048487030301   9.861987546437   0.439403095063   0.394628347161   1.000374886967   0.016832499508  -1.912827016304  28.302745949497   0.180339466429  -0.621833868980  -0.390058404055  -0.158282939131
    97 -100.480316057644  -5.000314243727 -27.350523097375   0.956812713895  -2.607047333058   0.128963356919   0.048242698859  11.854775410598   1.086768360430  -0.071067033368   1.000374605950   0.024988712853  -1.908790172711  28.048291772637   0.176952191327  -0.623315046143  -0.391539662961  -0.159764279779
    98 -100.497712496853  -3.000413333052 -27.407733103129   1.973306310164  -2.777040246185   0.139646522053   0.032052201572  13.923230127046   1.159430430563   0.107384493695   1.000374326605   0.033144926199  -1.904772385533  27.793837335768   0.173601956904  -0.624783928217  -0.393008626404  -0.161233324591
    99 -100.515075731832  -1.000510700240 -27.464878737314   2.458987658913  -1.570252661859   0.092139946012   0.000878525561  12.080316529130  -7.592439788708  -4.481683431200   1.000374048955   0.041301139544  -1.900773362797  27.539382641547   0.170288544134  -0.626240486217  -0.394465265392  -0.162690044567


wake shape after timestep: 20
 span time              xo               yo               zo               nu          epsilon              psi                U                V                W                A                B                C              eta              xsi          singfct            phiLE             phi0            phiTE	#
    0    0  -1.430403969900  -9.000221845334  -0.711104909890  -1.673969157103 -14.993886867548  -0.433197591567   9.659258262891   0.000000000000   2.588190451025   7.479684478023   4.874015901195  -2.602696598842   1.000294833924   2.500000000000   0.010002948339  -0.742862022321  -0.910843715519  -1.078825408718
    1    0  -1.440668613182  -7.000426876496  -0.772274902314  -1.672420957882 -14.993898169510  -0.432797047533   9.659258262891   0.000000000000   2.588190451025   9.809070132609   0.449206151936   0.390943716163   1.000294943010   2.500000000000   0.010002948339  -0.741446902148  -0.910136077135  -1.078825252121
    2    0  -1.450865140056  -5.000628487454  -0.833317051355  -1.670866268032 -14.993909508333  -0.432394823973   9.659258262891   0.000000000000   2.588190451025  11.810424389047   1.089673972630  -0.070803981242   1.000295051716   2.500000000000   0.010002948339  -0.740038436198  -0.909431765903  -1.078825095608
    3    0  -1.460994403161  -3.000826666105  -0.894230904609  -1.669305118222 -14.993920883661  -0.431990928816   9.659258262891   0.000000000000   2.588190451025  13.886658329354   1.165520758146   0.108716359810   1.000295160051   2.500000000000   0.010002948339  -0.738636652237  -0.908730795713  -1.078824939189
    4    0  -1.471057257807  -1.001021400480  -0.955016014725  -1.667737539245 -14.993932295138  -0.431585370028   9.659258262891   0.000000000000   2.588190451025  12.062690478459  -7.578414161347  -4.479393020204   1.000295268021   2.500000000000   0.010002948339  -0.737241577904  -0.908033180391  -1.078824782879

    0    1  -6.260033101345  -9.000221845334  -2.005200135403  -1.673969157103 -14.993886867548  -0.433197591567   9.659258262891   0.000000000000   2.588190451025   7.479684478023   4.874015901195  -2.602696598842   1.000294833924   2.500000000000   0.010002948339  -0.742862022321  -0.742862022321  -0.742862022321
    1    1  -6.270297744627  -7.000426876496  -2.066370127827  -1.672420957882 -14.993898169510  -0.432797047533   9.659258262891   0.000000000000   2.588190451025   9.809070132609   0.449206151936   0.390943716163   1.000294943010   2.500000000000   0.010002948339  -0.741446902148  -0.741446902148  -0.741446902148
    2    1  -6.280494271501  -5.000628487454  -2.127412276868  -1.670866268032 -14.993909508333  -0.432394823973   9.659258262891   0.000000000000   2.588190451025  11.810424389047   1.089673972630  -0.070803981242   1.000295051716   2.500000000000   0.010002948339  -0.740038436198  -0.740038436198  -0.740038436198
    3    1  -6.290623534607  -3.000826666105  -2.188326130122  -1.669305118222 -14.993920883661  -0.431990928816   9.659258262891   0.000000000000   2.588190451025  13.886658329354   1.165520758146   0.108716359810   1.000295160051   2.500000000000   0.010002948339  -0.738636652237  -0.738636652237  -0.738636652237
    4    1  -6.300686389253  -1.001021400480  -2.249111240237  -1.667737539245 -14.993932295138  -0.431585370028   9.659258262891   0.000000000000   2.588190451025  12.062690478459  -7.578414161347  -4.479393020204   1.000295268021   2.500000000000   0.010002948339  -0.737241577904  -0.737241577904  -0.737241577904

    0    2 -11.089662232790  -9.000221845334  -3.299295360915  -1.673969157103 -14.993886867548  -0.433197591567   9.659258262891   0.000000000000   2.588190451025   7.479684478023   4.874015901195  -2.602696598842   1.000294833924   2.500000000000   0.010002948339  -0.742862022321  -0.742862022321  -0.742862022321
    1    2 -11.099926876072  -7.000426876496  -3.360465353339  -1.672420957882 -14.993898169510  -0.432797047533   9.659258262891   0.000000000000   2.588190451025   9.809070132609   0.449206151936   0.390943716163   1.000294943010   2.500000000000   0.010002948339  -0.741446902148  -0.741446902148  -0.741446902148
    2    2 -11.110123402947  -5.000628487454  -3.421507502380  -1.670866268032 -14.993909508333  -0.432394823973   9.659258262891   0.000000000000   2.588190451025  11.810424389047   1.089673972630  -0.070803981242   1.000295051716   2.500000000000   0.010002948339  -0.740038436198  -0.740038436198  -0.740038436198
    3    2 -11.120252666052  -3.000826666105  -3.482421355634  -1.669305118222 -14.993920883661  -0.431990928816   9.659258262891   0.000000000000   2.588190451025  13.886658329354   1.165520758146   0.108716359810   1.000295160051   2.500000000000   0.010002948339  -0.738636652237  -0.738636652237  -0.738636652237
    4    2 -11.130315520698  -1.001021400480  -3.543206465750  -1.667737539245 -14.993932295138  -0.431585370028   9.659258262891   0.000000000000   2.588190451025  12.062690478459  -7.578414161347  -4.479393020204   1.000295268021   2.500000000000   0.010002948339  -0.737241577904  -0.737241577904  -0.737241577904

    0    3 -15.919291364236  -9.000221845334  -4.593390586428  -1.673969157103 -14.993886867548  -0.433197591567   9.659258262891   0.000000000000   2.588190451025   7.479684478023   4.874015901195  -2.602696598842   1.000294833924   2.500000000000   0.010002948339  -0.742862022321  -0.742862022321  -0.742862022321
    1    3 -15.929556007518  -7.000426876496  -4.654560578852  -1.672420957882 -14.993898169510  -0.432797047533   9.659258262891   0.000000000000   2.588190451025   9.809070132609   0.449206151936   0.390943716163   1.000294943010   2.500000000000   0.010002948339  -0.741446902148  -0.741446902148  -0.741446902148
    2    3 -15.939752534392  -5.000628487454  -4.715602727893  -1.670866268032 -14.993909508333  -0.432394823973   9.659258262891   0.000000000000   2.588190451025  11.810424389047   1.089673972630  -0.070803981242   1.000295051716   2.500000000000   0.010002948339  -0.740038436198  -0.740038436198  -0.740038436198
    3    3 -15.949881797497  -3.000826666105  -4.776516581147  -1.669305118222 -14.993920883661  -0.431990928816   9.659258262891   0.000000000000   2.588190451025  13.886658329354   1.165520758146   0.108716359810   1.000295160051   2.500000000000   0.010002948339  -0.738636652237  -0.738636652237  -0.738636652237
    4    3 -15.959944652143  -1.001021400480  -4.837301691262  -1.667737539245 -14.993932295138  -0.431585370028   9.659258262891   0.000000000000   2.588190451025  12.062690478459  -7.578414161347  -4.479393020204   1.000295268021   2.500000000000   0.010002948339  -0.737241577904  -0.737241577904  -0.737241577904

    0    4 -20.748920495681  -9.000221845334  -5.887485811941  -1.673969157103 -14.993886867548  -0.433197591567   9.659258262891   0.000000000000   2.588190451025   7.479684478023   4.874015901195  -2.602696598842   1.000294833924   2.500000000000   0.010002948339  -0.742862022321  -0.742862022321  -0.742862022321
    1    4 -20.759185138963  -7.000426876496  -5.948655804365  -1.672420957882 -14.993898169510  -0.432797047533   9.659258262891   0.000000000000   2.588190451025   9.809070132609   0.449206151936   0.390943716163   1.000294943010   2.500000000000   0.010002948339  -0.741446902148  -0.741446902148  -0.741446902148
    2    4 -20.769381665837  -5.000628487454  -6.009697953406  -1.670866268032 -14.993909508333  -0.432394823973   9.659258262891   0.000000000000   2.588190451025  11.810424389047   1.089673972630  -0.070803981242   1.000295051716   2.500000000000   0.010002948339  -0.740038436198  -0.740038436198  -0.740038436198
    3    4 -20.779510928943  -3.000826666105  -6.070611806660  -1.669305118222 -14.993920883661  -0.431990928816   9.659258262891   0.000000000000   2.588190451025  13.886658329354   1.165520758146   0.108716359810   1.000295160051   2.500000000000   0.010002948339  -0.738636652237  -0.738636652237  -0.738636652237
    4    4 -20.789573783589  -1.001021400480  -6.131396916775  -1.667737539245 -14.993932295138  -0.431585370028   9.659258262891   0.000000000000   2.588190451025  12.062690478459  -7.578414161347  -4.479393020204   1.000295268021   2.500000000000   0.010002948339  -0.737241577904  -0.737241577904  -0.737241577904

    0    5 -25.578549627126  -9.000221845334  -7.181581037453  -1.673969157103 -14.993886867548  -0.433197591567   9.659258262891   0.000000000000   2.588190451025   7.479684478023   4.874015901195  -2.602696598842   1.000294833924   2.500000000000   0.010002948339  -0.742862022321  -0.742862022321  -0.742862022321
    1    5 -25.588814270409  -7.000426876496  -7.242751029877  -1.672420957882 -14.993898169510  -0.432797047533   9.659258262891   0.000000000000   2.588190451025   9.809070132609   0.449206151936   0.390943716163   1.000294943010   2.500000000000   0.010002948339  -0.741446902148  -0.741446902148  -0.741446902148
    2    5 -25.599010797283  -5.000628487454  -7.303793178918  -1.670866268032 -14.993909508333  -0.432394823973   9.659258262891   0.000000000000   2.588190451025  11.810424389047   1.089673972630  -0.070803981242   1.000295051716   2.500000000000   0.010002948339  -0.740038436198  -0.740038436198  -0.740038436198
    3    5 -25.609140060388  -3.000826666105  -7.364707032172  -1.669305118222 -14.993920883661  -0.431990928816   9.659258262891   0.000000000000   2.588190451025  13.886658329354   1.165520758146   0.108716359810   1.000295160051   2.500000000000   0.010002948339  -0.738636652237  -0.738636652237  -0.738636652237
    4    5 -25.619202915034  -1.001021400480  -7.425492142288  -1.667737539245 -14.993932295138  -0.431585370028   9.659258262891   0.000000000000   2.588190451025  12.062690478459  -7.578414161347  -4.479393020204   1.000295268021   2.500000000000   0.010002948339  -0.737241577904  -0.737241577904  -0.737241577904

    0    6 -30.408178758572  -9.000221845334  -8.475676262966  -1.673969157103 -14.993886867548  -0.433197591567   9.659258262891   0.000000000000   2.588190451025   7.479684478023   4.874015901195  -2.602696598842   1.000294833924   2.500000000000   0.010002948339  -0.742862022321  -0.742862022321  -0.742862022321
    1    6 -30.418443401854  -7.000426876496  -8.536846255390  -1.672420957882 -14.993898169510  -0.432797047533   9.659258262891   0.000000000000   2.588190451025   9.809070132609   0.449206151936   0.390943716163   1.000294943010   2.500000000000   0.010002948339  -0.741446902148  -0.741446902148  -0.741446902148
    2    6 -30.428639928728  -5.000628487454  -8.597888404431  -1.670866268032 -14.993909508333  -0.432394823973   9.659258262891   0.000000000000   2.588190451025  11.810424389047   1.089673972630  -0.070803981242   1.000295051716   2.500000000000   0.010002948339  -0.740038436198  -0.740038436198  -0.740038436198
    3    6 -30.438769191833  -3.000826666105  -8.658802257685  -1.669305118222 -14.993920883661  -0.431990928816   9.659258262891   0.000000000000   2.588190451025  13.886658329354   1.165520758146   0.108716359810   1.000295160051   2.500000000000   0.010002948339  -0.738636652237  -0.738636652237  -0.738636652237
    4    6 -30.448832046479  -1.001021400480  -8.719587367800  -1.667737539245 -14.993932295138  -0.431585370028   9.659258262891   0.000000000000   2.588190451025  12.062690478459  -7.578414161347  -4.479393020204   1.000295268021   2.500000000000   0.010002948339  -0.737241577904  -0.737241577904  -0.737241577904

    0    7 -35.237807890017  -9.000221845334  -9.769771488478  -1.673969157103 -14.993886867548  -0.433197591567   9.659258262891   0.000000000000   2.588190451025   7.479684478023   4.874015901195  -2.602696598842   1.000294833924   2.500000000000   0.010002948339  -0.742862022321  -0.742862022321  -0.742862022321
    1    7 -35.248072533299  -7.000426876496  -9.830941480903  -1.672420957882 -14.993898169510  -0.432797047533   9.659258262891   0.000000000000   2.588190451025   9.809070132609   0.449206151936   0.390943716163   1.000294943010   2.500000000000   0.010002948339  -0.741446902148  -0.741446902148  -0.741446902148
    2    7 -35.258269060173  -5.000628487454  -9.891983629943  -1.670866268032 -14.993909508333  -0.432394823973   9.659258262891   0.000000000000   2.588190451025  11.810424389047   1.089673972630  -0.070803981242   1.000295051716   2.500000000000   0.010002948339  -0.740038436198  -0.740038436198  -0.740038436198
    3    7 -35.268398323279  -3.000826666105  -9.952897483197  -1.669305118222 -14.993920883661  -0.431990928816   9.659258262891   0.000000000000   2.588190451025  13.886658329354   1.165520758146   0.108716359810   1.000295160051   2.500000000000   0.010002948339  -0.738636652237  -0.738636652237  -0.738636652237
    4    7 -35.278461177925  -1.001021400480 -10.013682593313  -1.667737539245 -14.993932295138  -0.431585370028   9.659258262891   0.000000000000   2.588190451025  12.062690478459  -7.578414161347  -4.479393020204   1.000295268021   2.500000000000   0.010002948339  -0.737241577904  -0.737241577904  -0.737241577904

    0    8 -40.067437021462  -9.000221845334 -11.063866713991  -1.673969157103 -14.993886867548  -0.433197591567   9.659258262891   0.000000000000   2.588190451025   7.479684478023   4.874015901195  -2.602696598842   1.000294833924   2.500000000000   0.010002948339  -0.742862022321  -0.742862022321  -0.742862022321
    1    8 -40.077701664745  -7.000426876496 -11.125036706415  -1.672420957882 -14.993898169510  -0.432797047533   9.659258262891   0.000000000000   2.588190451025   9.809070132609   0.449206151936   0.390943716163   1.000294943010   2.500000000000   0.010002948339  -0.741446902148  -0.741446902148  -0.741446902148
    2    8 -40.087898191619  -5.000628487454 -11.186078855456  -1.670866268032 -14.993909508333  -0.432394823973   9.659258262891   0.000000000000   2.588190451025  11.810424389047   1.089673972630  -0.070803981242   1.000295051716   2.500000000000   0.010002948339  -0.740038436198  -0.740038436198  -0.740038436198
    3    8 -40.098027454724  -3.000826666105 -11.246992708710  -1.669305118222 -14.993920883661  -0.431990928816   9.659258262891   0.000000000000   2.588190451025  13.886658329354   1.165520758146   0.108716359810   1.000295160051   2.500000000000   0.010002948339  -0.738636652237  -0.738636652237  -0.738636652237
    4    8 -40.108090309370  -1.001021400480 -11.307777818825  -1.667737539245 -14.993932295138  -0.431585370028   9.659258262891   0.000000000000   2.588190451025  12.062690478459  -7.578414161347  -4.479393020204   1.000295268021   2.500000000000   0.010002948339  -0.737241577904  -0.737241577904  -0.737241577904

    0    9 -44.897066152907  -9.000221845334 -12.357961939504  -1.673969157103 -14.993886867548  -0.433197591567   9.659258262891   0.000000000000   2.588190451025   7.479684478023   4.874015901195  -2.602696598842   1.000294833924   2.500000000000   0.010002948339  -0.742862022321  -0.742862022321  -0.742862022321
    1    9 -44.907330796190  -7.000426876496 -12.419131931928  -1.672420957882 -14.993898169510  -0.432797047533   9.659258262891   0.000000000000   2.588190451025   9.809070132609   0.449206151936   0.390943716163   1.000294943010   2.500000000000   0.010002948339  -0.741446902148  -0.741446902148  -0.741446902148
    2    9 -44.917527323064  -5.000628487454 -12.480174080969  -1.670866268032 -14.993909508333  -0.432394823973   9.659258262891   0.000000000000   2.588190451025  11.810424389047   1.089673972630  -0.070803981242   1.000295051716   2.500000000000   0.010002948339  -0.740038436198  -0.740038436198  -0.740038436198
    3    9 -44.927656586169  -3.000826666105 -12.541087934223  -1.669305118222 -14.993920883661  -0.431990928816   9.659258262891   0.000000000000   2.588190451025  13.886658329354   1.165520758146   0.108716359810   1.000295160051   2.500000000000   0.010002948339  -0.738636652237  -0.738636652237  -0.738636652237
    4    9 -44.937719440815  -1.001021400480 -12.601873044338  -1.667737539245 -14.993932295138  -0.431585370028   9.659258262891   0.000000000000   2.588190451025  12.062690478459  -7.578414161347  -4.479393020204   1.000295268021   2.500000000000   0.010002948339  -0.737241577904  -0.737241577904  -0.737241577904

    0   10 -49.726695284353  -9.000221845334 -13.652057165016  -1.673969157103 -14.993886867548  -0.433197591567   9.659258262891   0.000000000000   2.588190451025   7.479684478023   4.874015901195  -2.602696598842   1.000294833924   2.500000000000   0.010002948339  -0.742862022321  -0.742862022321  -0.742862022321
    1   10 -49.736959927635  -7.000426876496 -13.713227157440  -1.672420957882 -14.993898169510  -0.432797047533   9.659258262891   0.000000000000   2.588190451025   9.809070132609   0.449206151936   0.390943716163   1.000294943010   2.500000000000   0.010002948339  -0.741446902148  -0.741446902148  -0.741446902148
    2   10 -49.747156454509  -5.000628487454 -13.774269306481  -1.670866268032 -14.993909508333  -0.432394823973   9.659258262891   0.000000000000   2.588190451025  11.810424389047   1.089673972630  -0.070803981242   1.000295051716   2.500000000000   0.010002948339  -0.740038436198  -0.740038436198  -0.740038436198
    3   10 -49.757285717615  -3.000826666105 -13.835183159735  -1.669305118222 -14.993920883661  -0.431990928816   9.659258262891   0.000000000000   2.588190451025  13.886658329354   1.165520758146   0.108716359810   1.000295160051   2.500000000000   0.010002948339  -0.738636652237  -0.738636652237  -0.738636652237
    4   10 -49.767348572261  -1.001021400480 -13.895968269851  -1.667737539245 -14.993932295138  -0.431585370028   9.659258262891   0.000000000000   2.588190451025  12.062690478459  -7.578414161347  -4.479393020204   1.000295268021   2.500000000000   0.010002948339  -0.737241577904  -0.737241577904  -0.737241577904

    0   11 -54.556324415798  -9.000221845334 -14.946152390529  -1.673969157103 -14.993886867548  -0.433197591567   9.659258262891   0.000000000000   2.588190451025   7.479684478023   4.874015901195  -2.602696598842   1.000294833924   2.500000000000   0.010002948339  -0.742862022321  -0.742862022321  -0.742862022321
    1   11 -54.566589059081  -7.000426876496 -15.007322382953  -1.672420957882 -14.993898169510  -0.432797047533   9.659258262891   0.000000000000   2.588190451025   9.809070132609   0.449206151936   0.390943716163   1.000294943010   2.500000000000   0.010002948339  -0.741446902148  -0.741446902148  -0.741446902148
    2   11 -54.576785585955  -5.000628487454 -15.068364531994  -1.670866268032 -14.993909508333  -0.432394823973   9.659258262891   0.000000000000   2.588190451025  11.810424389047   1.089673972630  -0.070803981242   1.000295051716   2.500000000000   0.010002948339  -0.740038436198  -0.740038436198  -0.740038436198
    3   11 -54.586914849060  -3.000826666105 -15.129278385248  -1.669305118222 -14.993920883661  -0.431990928816   9.659258262891   0.000000000000   2.588190451025  13.886658329354   1.165520758146   0.108716359810   1.000295160051   2.500000000000   0.010002948339  -0.738636652237  -0.738636652237  -0.738636652237
    4   11 -54.596977703706  -1.001021400480 -15.190063495363  -1.667737539245 -14.993932295138  -0.431585370028   9.659258262891   0.000000000000   2.588190451025  12.062690478459  -7.578414161347  -4.479393020204   1.000295268021   2.500000000000   0.010002948339  -0.737241577904  -0.737241577904  -0.737241577904

    0   12 -59.385953547243  -9.000221845334 -16.240247616041  -1.673969157103 -14.993886867548  -0.433197591567   9.659258262891   0.000000000000   2.588190451025   7.479684478023   4.874015901195  -2.602696598842   1.000294833924   2.500000000000   0.010002948339  -0.742862022321  -0.742862022321  -0.742862022321
    1   12 -59.396218190526  -7.000426876496 -16.301417608466  -1.672420957882 -14.993898169510  -0.432797047533   9.659258262891   0.000000000000   2.588190451025   9.809070132609   0.449206151936   0.390943716163   1.000294943010   2.500000000000   0.010002948339  -0.741446902148  -0.741446902148  -0.741446902148
    2   12 -59.406414717400  -5.000628487454 -16.362459757506  -1.670866268032 -14.993909508333  -0.432394823973   9.659258262891   0.000000000000   2.588190451025  11.810424389047   1.089673972630  -0.070803981242   1.000295051716   2.500000000000   0.010002948339  -0.740038436198  -0.740038436198  -0.740038436198
    3   12 -59.416543980505  -3.000826666105 -16.423373610760  -1.669305118222 -14.993920883661  -0.431990928816   9.659258262891   0.000000000000   2.588190451025  13.886658329354   1.165520758146   0.108716359810   1.000295160051   2.500000000000   0.010002948339  -0.738636652237  -0.738636652237  -0.738636652237
    4   12 -59.426606835151  -1.001021400480 -16.484158720876  -1.667737539245 -14.993932295138  -0.431585370028   9.659258262891   0.000000000000   2.588190451025  12.062690478459  -7.578414161347  -4.479393020204   1.000295268021   2.500000000000   0.010002948339  -0.737241577904  -0.737241577904  -0.737241577904

    0   13 -64.215582678689  -9.000221845334 -17.534342841554  -1.673969157103 -14.993886867548  -0.433197591567   9.659258262891   0.000000000000   2.588190451025   7.479684478023   4.874015901195  -2.602696598842   1.000294833924   2.500000000000   0.010002948339  -0.742862022321  -0.742862022321  -0.742862022321
    1   13 -64.225847321971  -7.000426876496 -17.595512833978  -1.672420957882 -14.993898169510  -0.432797047533   9.659258262891   0.000000000000   2.588190451025   9.809070132609   0.449206151936   0.390943716163   1.000294943010   2.500000000000   0.010002948339  -0.741446902148  -0.741446902148  -0.741446902148
    2   13 -64.236043848845  -5.000628487454 -17.656554983019  -1.670866268032 -14.993909508333  -0.432394823973   9.659258262891   0.000000000000   2.588190451025  11.810424389047   1.089673972630  -0.070803981242   1.000295051716   2.500000000000   0.010002948339  -0.740038436198  -0.740038436198  -0.740038436198
    3   13 -64.246173111951  -3.000826666105 -17.717468836273  -1.669305118222 -14.993920883661  -0.431990928816   9.659258262891   0.000000000000   2.588190451025  13.886658329354   1.165520758146   0.108716359810   1.000295160051   2.500000000000   0.010002948339  -0.738636652237  -0.738636652237  -0.738636652237
    4   13 -64.256235966597  -1.001021400480 -17.778253946388  -1.667737539245 -14.993932295138  -0.431585370028   9.659258262891   0.000000000000   2.588190451025  12.062690478459  -7.578414161347  -4.479393020204   1.000295268021   2.500000000000   0.010002948339  -0.737241577904  -0.737241577904  -0.737241577904

    0   14 -69.045211810134  -9.000221845334 -18.828438067067  -1.673969157103 -14.993886867548  -0.433197591567   9.659258262891   0.000000000000   2.588190451025   7.479684478023   4.874015901195  -2.602696598842   1.000294833924   2.500000000000   0.010002948339  -0.742862022321  -0.742862022321  -0.742862022321
    1   14 -69.055476453417  -7.000426876496 -18.889608059491  -1.672420957882 -14.993898169510  -0.432797047533   9.659258262891   0.000000000000   2.588190451025   9.809070132609   0.449206151936   0.390943716163   1.000294943010   2.500000000000   0.010002948339  -0.741446902148  -0.741446902148  -0.741446902148
    2   14 -69.065672980291  -5.000628487454 -18.950650208532  -1.670866268032 -14.993909508333  -0.432394823973   9.659258262891   0.000000000000   2.588190451025  11.810424389047   1.089673972630  -0.070803981242   1.000295051716   2.500000000000   0.010002948339  -0.740038436198  -0.740038436198  -0.740038436198
    3   14 -69.075802243396  -3.000826666105 -19.011564061786  -1.669305118222 -14.993920883661  -0.431990928816   9.659258262891   0.000000000000   2.588190451025  13.886658329354   1.165520758146   0.108716359810   1.000295160051   2.500000000000   0.010002948339  -0.738636652237  -0.738636652237  -0.738636652237
    4   14 -69.085865098042  -1.001021400480 -19.072349171901  -1.667737539245 -14.993932295138  -0.431585370028   9.659258262891   0.000000000000   2.588190451025  12.062690478459  -7.578414161347  -4.479393020204   1.000295268021   2.500000000000   0.010002948339  -0.737241577904  -0.737241577904  -0.737241577904

    0   15 -73.874840941579  -9.000221845334 -20.122533292579  -1.673969157103 -14.993886867548  -0.433197591567   9.659258262891   0.000000000000   2.588190451025   7.479684478023   4.874015901195  -2.602696598842   1.000294833924   2.500000000000   0.010002948339  -0.742862022321  -0.742862022321  -0.742862022321
    1   15 -73.885105584862  -7.000426876496 -20.183703285003  -1.672420957882 -14.993898169510  -0.432797047533   9.659258262891   0.000000000000   2.588190451025   9.809070132609   0.449206151936   0.390943716163   1.000294943010   2.500000000000   0.010002948339  -0.741446902148  -0.741446902148  -0.741446902148
    2   15 -73.895302111736  -5.000628487454 -20.244745434044  -1.670866268032 -14.993909508333  -0.432394823973   9.659258262891   0.000000000000   2.588190451025  11.810424389047   1.089673972630  -0.070803981242   1.000295051716   2.500000000000   0.010002948339  -0.740038436198  -0.740038436198  -0.740038436198
    3   15 -73.905431374841  -3.000826666105 -20.305659287298  -1.669305118222 -14.993920883661  -0.431990928816   9.659258262891   0.000000000000   2.588190451025  13.886658329354   1.165520758146   0.108716359810   1.000295160051   2.500000000000   0.010002948339  -0.738636652237  -0.738636652237  -0.738636652237
    4   15 -73.915494229488  -1.001021400480 -20.366444397414  -1.667737539245 -14.993932295138  -0.431585370028   9.659258262891   0.000000000000   2.588190451025  12.062690478459  -7.578414161347  -4.479393020204   1.000295268021   2.500000000000   0.010002948339  -0.737241577904  -0.737241577904  -0.737241577904

    0   16 -78.704470073025  -9.000221845334 -21.416628518092  -1.673969157103 -14.993886867548  -0.433197591567   9.659258262891   0.000000000000   2.588190451025   7.479684478023   4.874015901195  -2.602696598842   1.000294833924   2.500000000000   0.010002948339  -0.742862022321  -0.742862022321  -0.742862022321
    1   16 -78.714734716307  -7.000426876496 -21.477798510516  -1.672420957882 -14.993898169510  -0.432797047533   9.659258262891   0.000000000000   2.588190451025   9.809070132609   0.449206151936   0.390943716163   1.000294943010   2.500000000000   0.010002948339  -0.741446902148  -0.741446902148  -0.741446902148
    2   16 -78.724931243181  -5.000628487454 -21.538840659557  -1.670866268032 -14.993909508333  -0.432394823973   9.659258262891   0.000000000000   2.588190451025  11.810424389047   1.089673972630  -0.070803981242   1.000295051716   2.500000000000   0.010002948339  -0.740038436198  -0.740038436198  -0.740038436198
    3   16 -78.735060506287  -3.000826666105 -21.599754512811  -1.669305118222 -14.993920883661  -0.431990928816   9.659258262891   0.000000000000   2.588190451025  13.886658329354   1.165520758146   0.108716359810   1.000295160051   2.500000000000   0.010002948339  -0.738636652237  -0.738636652237  -0.738636652237
    4   16 -78.745123360933  -1.001021400480 -21.660539622926  -1.667737539245 -14.993932295138  -0.431585370028   9.659258262891   0.000000000000   2.588190451025  12.062690478459  -7.578414161347  -4.479393020204   1.000295268021   2.500000000000   0.010002948339  -0.737241577904  -0.737241577904  -0.737241577904

    0   17 -83.534099204470  -9.000221845334 -22.710723743605  -1.673969157103 -14.993886867548  -0.433197591567   9.659258262891   0.000000000000   2.588190451025   7.479684478023   4.874015901195  -2.602696598842   1.000294833924   2.500000000000   0.010002948339  -0.742862022321  -0.742862022321  -0.742862022321
    1   17 -83.544363847753  -7.000426876496 -22.771893736029  -1.672420957882 -14.993898169510  -0.432797047533   9.659258262891   0.000000000000   2.588190451025   9.809070132609   0.449206151936   0.390943716163   1.000294943010   2.500000000000   0.010002948339  -0.741446902148  -0.741446902148  -0.741446902148
    2   17 -83.554560374627  -5.000628487454 -22.832935885069  -1.670866268032 -14.993909508333  -0.432394823973   9.659258262891   0.000000000000   2.588190451025  11.810424389047   1.089673972630  -0.070803981242   1.000295051716   2.500000000000   0.010002948339  -0.740038436198  -0.740038436198  -0.740038436198
    3   17 -83.564689637732  -3.000826666105 -22.893849738324  -1.669305118222 -14.993920883661  -0.431990928816   9.659258262891   0.000000000000   2.588190451025  13.886658329354   1.165520758146   0.108716359810   1.000295160051   2.500000000000   0.010002948339  -0.738636652237  -0.738636652237  -0.738636652237
    4   17 -83.574752492378  -1.001021400480 -22.954634848439  -1.667737539245 -14.993932295138  -0.431585370028   9.659258262891   0.000000000000   2.588190451025  12.062690478459  -7.578414161347  -4.479393020204   1.000295268021   2.500000000000   0.010002948339  -0.737241577904  -0.737241577904  -0.737241577904

    0   18 -88.363728335915  -9.000221845334 -24.004818969117  -1.673969157103 -14.993886867548  -0.433197591567   9.659258262891   0.000000000000   2.588190451025   7.479684478023   4.874015901195  -2.602696598842   1.000294833924   2.500000000000   0.010002948339  -0.742862022321  -0.742862022321  -0.742862022321
    1   18 -88.373992979198  -7.000426876496 -24.065988961541  -1.672420957882 -14.993898169510  -0.432797047533   9.659258262891   0.000000000000   2.588190451025   9.809070132609   0.449206151936   0.390943716163   1.000294943010   2.500000000000   0.010002948339  -0.741446902148  -0.741446902148  -0.741446902148
    2   18 -88.384189506072  -5.000628487454 -24.127031110582  -1.670866268032 -14.993909508333  -0.432394823973   9.659258262891   0.000000000000   2.588190451025  11.810424389047   1.089673972630  -0.070803981242   1.000295051716   2.500000000000   0.010002948339  -0.740038436198  -0.740038436198  -0.740038436198
    3   18 -88.394318769177  -3.000826666105 -24.187944963836  -1.669305118222 -14.993920883661  -0.431990928816   9.659258262891   0.000000000000   2.588190451025  13.886658329354   1.165520758146   0.108716359810   1.000295160051   2.500000000000   0.010002948339  -0.738636652237  -0.738636652237  -0.738636652237
    4   18 -88.404381623823  -1.001021400480 -24.248730073951  -1.667737539245 -14.993932295138  -0.431585370028   9.659258262891   0.000000000000   2.588190451025  12.062690478459  -7.578414161347  -4.479393020204   1.000295268021   2.500000000000   0.010002948339  -0.737241577904  -0.737241577904  -0.737241577904

    0   19 -93.193357467360  -9.000221845334 -25.298914194630  -1.673969157103 -14.993886867548  -0.433197591567   9.659258262891   0.000000000000   2.588190451025   7.479684478023   4.874015901195  -2.602696598842   1.000294833924   2.500000000000   0.010002948339  -0.742862022321  -0.742862022321  -0.742862022321
    1   19 -93.203622110644  -7.000426876496 -25.360084187054  -1.672420957882 -14.993898169510  -0.432797047533   9.659258262891   0.000000000000   2.588190451025   9.809070132609   0.449206151936   0.390943716163   1.000294943010   2.500000000000   0.010002948339  -0.741446902148  -0.741446902148  -0.741446902148
    2   19 -93.213818637517  -5.000628487454 -25.421126336095  -1.670866268032 -14.993909508333  -0.432394823973   9.659258262891   0.000000000000   2.588190451025  11.810424389047   1.089673972630  -0.070803981242   1.000295051716   2.500000000000   0.010002948339  -0.740038436198  -0.740038436198  -0.740038436198
    3   19 -93.223947900623  -3.000826666105 -25.482040189349  -1.669305118222 -14.993920883661  -0.431990928816   9.659258262891   0.000000000000   2.588190451025  13.886658329354   1.165520758146   0.108716359810   1.000295160051   2.500000000000   0.010002948339  -0.738636652237  -0.738636652237  -0.738636652237
    4   19 -93.234010755269  -1.001021400480 -25.542825299464  -1.667737539245 -14.993932295138  -0.431585370028   9.659258262891   0.000000000000   2.588190451025  12.062690478459  -7.578414161347  -4.479393020204   1.000295268021   2.500000000000   0.010002948339  -0.737241577904  -0.737241577904  -0.737241577904

    0   20 -98.022986598806  -9.000221845334 -26.593009420142  -1.673969157103 -14.993886867548  -0.433197591567   9.659258262891   0.000000000000   2.588190451025   7.479684478023   4.874015901195  -2.602696598842   1.000294833924   2.500000000000   0.010002948339  -0.742862022321  -0.742862022321  -0.742862022321
    1   20 -98.033251242089  -7.000426876496 -26.654179412566  -1.672420957882 -14.993898169510  -0.432797047533   9.659258262891   0.000000000000   2.588190451025   9.809070132609   0.449206151936   0.390943716163   1.000294943010   2.500000000000   0.010002948339  -0.741446902148  -0.741446902148  -0.741446902148
    2   20 -98.043447768963  -5.000628487454 -26.715221561607  -1.670866268032 -14.993909508333  -0.432394823973   9.659258262891   0.000000000000   2.588190451025  11.810424389047   1.089673972630  -0.070803981242   1.000295051716   2.500000000000   0.010002948339  -0.740038436198  -0.740038436198  -0.740038436198
    3   20 -98.053577032068  -3.000826666105 -26.776135414861  -1.669305118222 -14.993920883661  -0.431990928816   9.659258262891   0.000000000000   2.588190451025  13.886658329354   1.165520758146   0.108716359810   1.000295160051   2.500000000000   0.010002948339  -0.738636652237  -0.738636652237  -0.738636652237
    4   20 -98.063639886714  -1.001021400480 -26.836920524977  -1.667737539245 -14.993932295138  -0.431585370028   9.659258262891   0.000000000000   2.588190451025  12.062690478459  -7.578414161347  -4.479393020204   1.000295268021   2.500000000000   0.010002948339  -0.737241577904  -0.737241577904  -0.737241577904

