Flight configuration defined in input file = input.txt
CL trim final alpha = 21.408
Flight Condition number = 3
number of timesteps = 20
number of spanwise strips = 18

strip     x_ref         y_ref         z_ref         Gamma0        Cfx           Cfy           Cfz           Cfn           Cd            Cl            Cm            Cn            Ref. area     Ref. span     Ref. lngth    Ref-l cl      Ref-l cm      Ref-l cn      x1            y1            z1            chord1        x2            y2            z2            chord2        Gamma1        Gamma2        cn1           cn0           cn2           A_te          B_te          C_te          
-------------------------------------------------------------------------------------------------------------------------------------------------------------------------------------------------------------------------------------------------------------------------------------------------------------------------------------------------------------------------------------------------------------------------------------------------------------------------------------------------------#
0         0.000000      -9.000000     0.000000      9.073088      0.140084      0.000000      1.548854      1.548854      0.140084      -6.952426     -0.015696     0.822956      2.009184      2.000000      1.004592      2.000000      1.004592      1.004592      0.000000      -10.000000    0.000000      1.004592      0.000000      -8.000000     0.000000      1.004592      0.000000      12.011507     0.000000      1.806323      0.000000      9.073088      6.005754      -3.067335     
1         0.000000      -7.000000     0.000000      11.983432     0.124323      0.000000      2.340573      2.340573      0.124323      -8.191878     0.007677      0.437567      2.009184      2.000000      1.004592      2.000000      1.004592      1.004592      0.000000      -8.000000     0.000000      1.004592      0.000000      -6.000000     0.000000      1.004592      12.011507     12.157037     2.391321      2.385731      2.391321      11.983432     0.072765      0.100840      
2         0.000000      -5.000000     0.000000      12.383662     0.078203      0.000000      2.419571      2.419571      0.078203      -6.048740     0.025284      0.201413      2.009184      2.000000      1.004592      2.000000      1.004592      1.004592      0.000000      -6.000000     0.000000      1.004592      0.000000      -4.000000     0.000000      1.004592      12.157037     12.514648     2.420294      2.465411      2.420294      12.383662     0.178806      -0.047820     
3         0.000000      -3.000000     0.000000      12.585673     0.066269      0.000000      2.462920      2.462920      0.066269      -3.694328     0.031440      0.101348      2.009184      2.000000      1.004592      2.000000      1.004592      1.004592      0.000000      -4.000000     0.000000      1.004592      0.000000      -2.000000     0.000000      1.004592      12.514648     12.632415     2.491489      2.505629      2.491489      12.585673     0.058883      -0.012142     
4         0.000000      -1.000000     0.000000      12.658351     0.061159      0.000000      2.477945      2.477945      0.061159      -1.238959     0.033882      0.031152      2.009184      2.000000      1.004592      2.000000      1.004592      1.004592      0.000000      -2.000000     0.000000      1.004592      0.000000      0.000000      0.000000      1.004592      12.632415     12.666959     2.514935      2.520098      2.514935      12.658351     0.017272      -0.008664     
5         0.000000      1.000000      0.000000      12.658244     0.061164      0.000000      2.477887      2.477887      0.061164      1.238929      0.033881      -0.031158     2.009184      2.000000      1.004592      2.000000      1.004592      1.004592      0.000000      0.000000      0.000000      1.004592      0.000000      2.000000      0.000000      1.004592      12.666959     12.632210     2.521812      2.520077      2.521812      12.658244     -0.017375     -0.008660     
6         0.000000      3.000000      0.000000      12.585384     0.066283      0.000000      2.462761      2.462761      0.066283      3.694090      0.031438      -0.101372     2.009184      2.000000      1.004592      2.000000      1.004592      1.004592      0.000000      2.000000      0.000000      1.004592      0.000000      4.000000      0.000000      1.004592      12.632210     12.514293     2.514894      2.505571      2.514894      12.585384     -0.058959     -0.012132     
7         0.000000      5.000000      0.000000      12.383260     0.078223      0.000000      2.419355      2.419355      0.078223      6.048198      0.025282      -0.201462     2.009184      2.000000      1.004592      2.000000      1.004592      1.004592      0.000000      4.000000      0.000000      1.004592      0.000000      6.000000      0.000000      1.004592      12.514293     12.156610     2.491418      2.465331      2.491418      12.383260     -0.178841     -0.047809     
8         0.000000      7.000000      0.000000      11.982992     0.124340      0.000000      2.340339      2.340339      0.124340      8.191062      0.007675      -0.437628     2.009184      2.000000      1.004592      2.000000      1.004592      1.004592      0.000000      6.000000      0.000000      1.004592      0.000000      8.000000      0.000000      1.004592      12.156610     12.011058     2.420209      2.385644      2.420209      11.982992     -0.072776     0.100842      
9         0.000000      9.000000      0.000000      9.072747      0.140090      0.000000      1.548704      1.548704      0.140090      6.951751      -0.015695     -0.822967     2.009184      2.000000      1.004592      2.000000      1.004592      1.004592      0.000000      8.000000      0.000000      1.004592      0.000000      10.000000     0.000000      1.004592      12.011058     0.000000      2.391231      1.806255      2.391231      9.072747      -6.005529     -3.067218     
10        10.150000     -1.666667     2.000000      3.775025      0.164379      0.000000      1.077611      1.077611      0.164379      -2.672988     -18.560222    0.548870      0.401692      0.666667      0.602538      0.666667      0.602538      0.602538      10.150000     -2.000000     2.000000      0.602538      10.150000     -1.333333     2.000000      0.602538      -0.000000     5.194959      -0.000000     1.253041      -0.000000     3.775025      7.792438      -10.597916    
11        10.150000     -1.000000     2.000000      5.409213      0.221771      0.000000      1.743788      1.743788      0.221771      -2.614408     -29.886626    0.342680      0.401692      0.666667      0.602538      0.666667      0.602538      0.602538      10.150000     -1.333333     2.000000      0.602538      10.150000     -0.666667     2.000000      0.602538      5.194959      5.567201      1.724358      1.795475      1.724358      5.409213      0.558364      -0.253195     
12        10.150000     -0.333333     2.000000      5.626811      0.200548      0.000000      1.829999      1.829999      0.200548      -0.915063     -31.251135    0.100283      0.401692      0.666667      0.602538      0.666667      0.602538      0.602538      10.150000     -0.666667     2.000000      0.602538      10.150000     -0.000000     2.000000      0.602538      5.567201      5.545928      1.847916      1.867702      1.847916      5.626811      -0.031910     -0.632215     
13        10.150000     0.333333      2.000000      5.911214      0.184453      0.000000      1.894125      1.894125      0.184453      0.946175      -32.277717    -0.100783     0.401692      0.666667      0.602538      0.666667      0.602538      0.602538      10.150000     0.000000      2.000000      0.602538      10.150000     0.666667      2.000000      0.602538      6.072051      5.730958      2.015491      1.962104      2.015491      5.911214      -0.511641     -0.087382     
14        10.150000     1.000000      2.000000      5.520240      0.213365      0.000000      1.766165      1.766165      0.213365      2.647754      -30.230945    -0.332483     0.401692      0.666667      0.602538      0.666667      0.602538      0.602538      10.150000     0.666667      2.000000      0.602538      10.150000     1.333333      2.000000      0.602538      5.730958      5.268016      1.902272      1.832328      1.902272      5.520240      -0.694413     -0.186776     
15        10.150000     1.666667      2.000000      3.814524      0.162524      0.000000      1.084957      1.084957      0.162524      2.691537      -18.676126    -0.545536     0.401692      0.666667      0.602538      0.666667      0.602538      0.602538      10.150000     1.333333      2.000000      0.602538      10.150000     2.000000      2.000000      0.602538      5.268016      -0.000000     1.748608      1.266152      1.748608      3.814524      -7.902024     -10.624641    
16        10.150000     0.000000      0.500000      0.577246      0.002603      -0.152371     0.000000      0.152371      0.002603      -0.500943     -0.045949     -1.487243     0.602538      1.000000      0.602538      1.000000      0.602538      0.602538      10.150000     -0.000000     0.000000      0.602538      10.150000     0.000000      1.000000      0.602538      -0.000000     0.762924      -0.000000     0.191605      -0.000000     0.577246      0.762924      -0.783137     
17        10.150000     0.000000      1.500000      0.698670      0.002998      -0.181293     0.000000      0.181293      0.002998      -0.425169     -0.003378     -1.829218     0.602538      1.000000      0.602538      1.000000      0.602538      0.602538      10.150000     -0.000000     1.000000      0.602538      10.150000     0.000000      2.000000      0.602538      0.762924      0.526124      0.253237      0.231909      0.253237      0.698670      -0.236800     -0.216586     
