PSU 94-097, , free transition row= 1888
-10	-0.3903	0.14911	25000	-0.0117	
-9.75	-0.3272	0.1285	25000	-0.0127	
-9.5	-0.3423	0.13193	25000	-0.0113	
-9.25	-0.374	0.13992	25000	-0.0093	
-9	-0.3244	0.12484	25000	-0.0092	
-8.75	-0.3577	0.13281	25000	-0.0061	
-8.5	-0.3195	0.12169	25000	-0.0054	
-8.25	-0.2708	0.10878	25000	-0.0076	
-8	-0.2561	0.10394	25000	-0.0072	
-7.75	-0.2849	0.11081	25000	-0.0006	
-7.5	-0.2526	0.10292	25000	-0.0014	
-7.25	-0.2231	0.09571	25000	-0.0025	
-7	-0.159	0.08395	25000	-0.0099	
-6.75	-0.0916	0.07412	25000	-0.0202	
-6.5	-0.0078	0.06347	25000	-0.0384	
-6.25	-0.0022	0.06149	25000	-0.0386	
-6	-0.0316	0.06304	25000	-0.0304	
-5.5	-0.1444	0.07123	25000	-0.0063	
-5.25	-0.2014	0.07443	25000	0.0016	
-5	-0.2548	0.07683	25000	0.0067	
-4.75	-0.3075	0.07978	25000	0.0138	
-4.5	-0.3458	0.07907	25000	0.015	
-4.25	-0.3938	0.08193	25000	0.0158	
-4	-0.3825	0.07432	25000	-0.0097	
-3.75	-0.3299	0.06667	25000	-0.036	
-3.5	-0.3111	0.0611	25000	-0.0379	
-3.25	-0.2533	0.05603	25000	-0.0522	
-3	-0.2224	0.05106	25000	-0.0558	
-2.75	-0.1856	0.04705	25000	-0.0601	
-2.5	-0.1443	0.04373	25000	-0.0644	
-2.25	-0.1102	0.04056	25000	-0.0666	
-2	-0.0775	0.03843	25000	-0.0678	
-1.75	-0.038	0.03579	25000	-0.0693	
-1.5	-0.0083	0.03308	25000	-0.0674	
-1.25	-0.0212	0.02986	25000	-0.0546	
-0.75	0.0479	0.03035	25000	-0.0617	
-0.5	0.0721	0.03094	25000	-0.0623	
-0.25	0.0955	0.03157	25000	-0.0628	
0	0.1184	0.03225	25000	-0.0632	
0.25	0.1408	0.03299	25000	-0.0636	
0.5	0.1626	0.03377	25000	-0.064	
0.75	0.184	0.03459	25000	-0.0644	
1	0.205	0.03547	25000	-0.0648	
1.25	0.2255	0.0364	25000	-0.0651	
1.5	0.2456	0.03738	25000	-0.0655	
1.75	0.2653	0.03842	25000	-0.0658	
2	0.2845	0.03952	25000	-0.0662	
2.25	0.3033	0.04068	25000	-0.0665	
2.5	0.3216	0.04191	25000	-0.0669	
2.75	0.3394	0.0432	25000	-0.0673	
3	0.3566	0.04457	25000	-0.0677	
3.25	0.3733	0.04602	25000	-0.0681	
3.5	0.3895	0.04756	25000	-0.0686	
3.75	0.4051	0.04919	25000	-0.0691	
4	0.4202	0.05091	25000	-0.0696	
4.25	0.4347	0.05274	25000	-0.0702	
4.5	0.4486	0.05467	25000	-0.0708	
4.75	0.4619	0.05671	25000	-0.0715	
5	0.4747	0.05885	25000	-0.0722	
5.25	0.4868	0.06111	25000	-0.073	
5.5	0.4984	0.06347	25000	-0.0739	
5.75	0.5094	0.06594	25000	-0.0748	
6	0.52	0.06852	25000	-0.0758	
6.25	0.5301	0.0712	25000	-0.0768	
6.5	0.5399	0.07397	25000	-0.0779	
6.75	0.5493	0.07684	25000	-0.079	
7	0.5584	0.0798	25000	-0.0802	
7.25	0.5672	0.08282	25000	-0.0814	
7.5	0.5758	0.08595	25000	-0.0826	
7.75	0.6036	0.09038	25000	-0.0882	
8	0.6482	0.09694	25000	-0.0968	
8.25	0.6752	0.10205	25000	-0.1015	
8.5	0.6926	0.10559	25000	-0.1037	
8.75	0.7499	0.11277	25000	-0.1108	
9	0.7488	0.11582	25000	-0.1109	
9.25	0.7588	0.12101	25000	-0.1127	
9.5	0.7401	0.11979	25000	-0.1089	
9.75	0.769	0.12588	25000	-0.1121	
10	0.7875	0.12955	25000	-0.1135	
10.25	0.825	0.14097	25000	-0.1195	
10.5	0.8132	0.14175	25000	-0.1179	
10.75	0.7938	0.13926	25000	-0.1145	
11	0.8365	0.14994	25000	-0.1191	
11.25	0.8171	0.14718	25000	-0.1161	
11.5	0.8288	0.15122	25000	-0.1172	
11.75	0.8937	0.17222	25000	-0.1259	
12	0.8682	0.16807	25000	-0.1227	
12.25	0.8463	0.16273	25000	-0.1196	
12.5	0.9002	0.18028	25000	-0.1246	
12.75	0.8751	0.17443	25000	-0.122	
13	0.8716	0.17421	25000	-0.1215	
13.25	0.8965	0.18291	25000	-0.1236	
13.5	0.9177	0.19544	25000	-0.1261	
13.75	0.8947	0.18713	25000	-0.1242	
14	0.9519	0.21092	25000	-0.1274	
14.25	0.9267	0.20247	25000	-0.126	
14.5	0.9162	0.19869	25000	-0.1258	
14.75	0.9314	0.20486	25000	-0.1265	
15	0.9742	0.22993	25000	-0.1293	
15.25	0.9502	0.21953	25000	-0.1288	
15.5	0.9418	0.21594	25000	-0.1288	
15.75	0.9831	0.23763	25000	-0.1292	
16	0.9622	0.22893	25000	-0.1297	
16.25	0.9601	0.22949	25000	-0.1305	
16.5	0.9741	0.23634	25000	-0.1308	
16.75	1.0245	0.26892	25000	-0.1321	
17	1.0037	0.25986	25000	-0.1328	
17.25	0.985	0.25213	25000	-0.134	
17.5	0.9834	0.25359	25000	-0.135	
17.75	0.9932	0.25967	25000	-0.1353	
18	1.024	0.28116	25000	-0.1349	
18.25	1.0048	0.27361	25000	-0.1365	
18.5	0.999	0.27312	25000	-0.1376	
18.75	1.0151	0.28178	25000	-0.1368	
19	1.0591	0.31369	25000	-0.1369	
19.25	1.0408	0.30734	25000	-0.1382	
19.5	1.022	0.30114	25000	-0.1396	
19.75	1.011	0.2998	25000	-0.141	
20	1.0092	0.30331	25000	-0.1416	
-10	-0.3609	0.13303	50000	-0.0292	
-9.75	-0.371	0.13517	50000	-0.0323	
-9.5	-0.3786	0.13586	50000	-0.0346	
-9.25	-0.3851	0.13549	50000	-0.0363	
-9	-0.3303	0.11521	50000	-0.031	
-8.75	-0.3201	0.11181	50000	-0.0306	
-8.5	-0.3171	0.10957	50000	-0.0311	
-8.25	-0.3239	0.10919	50000	-0.0323	
-8	-0.3448	0.11135	50000	-0.0326	
-7.75	-0.3691	0.11335	50000	-0.0314	
-7.5	-0.3895	0.11476	50000	-0.0316	
-7.25	-0.404	0.11526	50000	-0.032	
-7	-0.3367	0.09689	50000	-0.0243	
-6.75	-0.3551	0.09661	50000	-0.0206	
-6.5	-0.3763	0.0967	50000	-0.0178	
-6.25	-0.4	0.0979	50000	-0.0177	
-6	-0.4205	0.10226	50000	-0.0239	
-5.75	-0.4233	0.09281	50000	-0.0184	
-5.5	-0.4089	0.08828	50000	-0.0101	
-5.25	-0.411	0.08649	50000	-0.0084	
-5	-0.422	0.08873	50000	-0.0196	
-4.75	-0.4214	0.08179	50000	-0.0103	
-4.5	-0.4158	0.079	50000	-0.0053	
-4.25	-0.4147	0.07796	50000	-0.0114	
-4	-0.4116	0.07384	50000	-0.0044	
-3.75	-0.4042	0.07172	50000	-0.0022	
-3.5	-0.4027	0.06886	50000	0.0005	
-3.25	-0.3037	0.05613	50000	-0.0405	
-3	-0.1957	0.04465	50000	-0.063	
-2.75	-0.1604	0.04065	50000	-0.0662	
-2.5	-0.1255	0.03697	50000	-0.0697	
-2.25	-0.094	0.03501	50000	-0.0712	
-2	-0.0592	0.03297	50000	-0.0725	
-1.75	-0.0271	0.03153	50000	-0.0729	
-1.5	0.0096	0.02944	50000	-0.0744	
-1.25	0.0451	0.02521	50000	-0.072	
-1	0.0463	0.02506	50000	-0.0679	
-0.75	0.0718	0.02571	50000	-0.0686	
-0.5	0.0959	0.0264	50000	-0.0692	
-0.25	0.1192	0.02714	50000	-0.0697	
0	0.142	0.02792	50000	-0.0702	
0.25	0.1641	0.02874	50000	-0.0707	
0.5	0.1861	0.02962	50000	-0.0712	
0.75	0.2257	0.03075	50000	-0.075	
1	0.2649	0.0319	50000	-0.0787	
1.25	0.3098	0.03318	50000	-0.0833	
1.5	0.3482	0.0343	50000	-0.0867	
1.75	0.3814	0.03547	50000	-0.0891	
2	0.4145	0.03659	50000	-0.0915	
2.25	0.4534	0.03786	50000	-0.0946	
2.5	0.4844	0.03885	50000	-0.0963	
2.75	0.5291	0.04021	50000	-0.1002	
3	0.5471	0.04109	50000	-0.0997	
3.25	0.6131	0.04238	50000	-0.1062	
3.5	0.6107	0.04317	50000	-0.1026	
3.75	0.6674	0.044	50000	-0.1071	
4	0.6743	0.04511	50000	-0.1049	
4.25	0.723	0.04549	50000	-0.1076	
4.5	0.7422	0.04663	50000	-0.1068	
4.75	0.7768	0.04693	50000	-0.1073	
5	0.827	0.0469	50000	-0.1091	
5.25	0.8337	0.04793	50000	-0.1067	
5.5	0.9093	0.04583	50000	-0.1093	
5.75	0.8952	0.04817	50000	-0.1054	
6	0.9664	0.04511	50000	-0.1064	
6.25	0.9637	0.04723	50000	-0.1034	
6.5	1.0315	0.04304	50000	-0.1026	
6.75	1.0626	0.04207	50000	-0.1005	
7	1.1152	0.03867	50000	-0.0988	
7.25	1.1482	0.03725	50000	-0.0965	
7.5	1.2057	0.03382	50000	-0.0952	
7.75	1.2376	0.03282	50000	-0.0929	
8	1.2538	0.03358	50000	-0.0903	
8.25	1.2738	0.03456	50000	-0.0882	
8.5	1.294	0.03558	50000	-0.086	
8.75	1.3157	0.03717	50000	-0.0842	
9	1.3254	0.03843	50000	-0.0812	
9.25	1.3345	0.04054	50000	-0.0785	
9.5	1.3485	0.04319	50000	-0.0763	
9.75	1.3592	0.04533	50000	-0.0739	
10	1.3591	0.04722	50000	-0.0703	
10.25	1.372	0.05137	50000	-0.0685	
10.5	1.3719	0.05459	50000	-0.0653	
10.75	1.3829	0.05879	50000	-0.064	
11	1.3711	0.06049	50000	-0.0599	
11.25	1.3603	0.0628	50000	-0.0563	
11.5	1.3524	0.06603	50000	-0.0535	
11.75	1.354	0.06979	50000	-0.0517	
12	1.3409	0.07531	50000	-0.0498	
12.25	1.3191	0.08045	50000	-0.0481	
12.5	1.2953	0.0855	50000	-0.0472	
12.75	1.2694	0.09055	50000	-0.0473	
13.25	1.0635	0.13831	50000	-0.079	
13.5	1.0496	0.14734	50000	-0.0831	
13.75	1.0407	0.15557	50000	-0.0865	
14	1.037	0.16344	50000	-0.0889	
14.75	0.9759	0.19448	50000	-0.114	
15	0.9942	0.20143	50000	-0.1134	
15.25	1.0223	0.21895	50000	-0.1116	
15.5	1.0056	0.21687	50000	-0.1154	
15.75	0.9874	0.21407	50000	-0.1192	
16	1.047	0.23674	50000	-0.1106	
16.25	1.0423	0.24013	50000	-0.1135	
16.5	1.0351	0.24163	50000	-0.1168	
16.75	1.0182	0.23884	50000	-0.1209	
17	1.0037	0.23689	50000	-0.1252	
17.25	1.0047	0.24073	50000	-0.127	
17.5	1.0098	0.24554	50000	-0.1279	
17.75	1.0187	0.25121	50000	-0.128	
18	1.0432	0.26285	50000	-0.1255	
18.25	1.063	0.28347	50000	-0.1244	
18.5	1.0546	0.28383	50000	-0.1276	
18.75	1.0392	0.28118	50000	-0.131	
19	1.0258	0.27918	50000	-0.135	
19.25	1.0233	0.28253	50000	-0.1372	
19.5	1.0249	0.28721	50000	-0.1382	
19.75	1.0678	0.31133	50000	-0.1317	
20	1.0571	0.31177	50000	-0.1342	
-10	-0.3568	0.12246	100000	-0.0334	
-9.75	-0.3424	0.11779	100000	-0.0321	
-9.5	-0.3326	0.11436	100000	-0.0321	
-9.25	-0.3253	0.11131	100000	-0.0328	
-9	-0.3196	0.10842	100000	-0.0337	
-8.75	-0.3151	0.10561	100000	-0.0349	
-8.5	-0.312	0.10299	100000	-0.0363	
-8.25	-0.3121	0.10081	100000	-0.0378	
-8	-0.3189	0.09962	100000	-0.0383	
-7.75	-0.3358	0.09936	100000	-0.0361	
-7.5	-0.358	0.09938	100000	-0.0319	
-7.25	-0.3801	0.09926	100000	-0.028	
-7	-0.3973	0.09881	100000	-0.0267	
-6.75	-0.41	0.09801	100000	-0.0275	
-6.5	-0.4151	0.09685	100000	-0.0296	
-6.25	-0.3945	0.09337	100000	-0.0382	
-6	-0.3875	0.0829	100000	-0.0448	
-5.75	-0.3753	0.07889	100000	-0.0401	
-5.5	-0.3568	0.07563	100000	-0.0414	
-5.25	-0.3301	0.07146	100000	-0.0477	
-5	-0.2716	0.071	100000	-0.0645	
-4.75	-0.267	0.06054	100000	-0.0676	
-4.5	-0.2433	0.05719	100000	-0.0685	
-4.25	-0.203	0.05355	100000	-0.0745	
-4	-0.1647	0.04885	100000	-0.0818	
-3.75	-0.1414	0.0459	100000	-0.083	
-3.5	-0.0583	0.03503	100000	-0.0936	
-3.25	-0.017	0.03087	100000	-0.0973	
-3	0.0261	0.02744	100000	-0.1008	
-2.75	0.0692	0.0253	100000	-0.1036	
-2.5	0.1126	0.02458	100000	-0.1064	
-2.25	0.1608	0.02162	100000	-0.1101	
-2	0.196	0.01945	100000	-0.1119	
-1.75	0.1975	0.01927	100000	-0.1054	
-1.5	0.2184	0.01907	100000	-0.103	
-1.25	0.2611	0.01927	100000	-0.1062	
-1	0.3042	0.01954	100000	-0.1095	
-0.75	0.3334	0.02	100000	-0.1104	
-0.5	0.3492	0.02051	100000	-0.109	
-0.25	0.3832	0.02074	100000	-0.1104	
0	0.425	0.02085	100000	-0.113	
0.25	0.4649	0.02102	100000	-0.1152	
0.5	0.4948	0.02146	100000	-0.1158	
0.75	0.5084	0.02206	100000	-0.1141	
1	0.5409	0.02222	100000	-0.1149	
1.25	0.5774	0.02226	100000	-0.1162	
1.5	0.6161	0.0222	100000	-0.1175	
1.75	0.6373	0.02274	100000	-0.1166	
2	0.6593	0.02308	100000	-0.1159	
2.25	0.6928	0.02293	100000	-0.1162	
2.5	0.7291	0.02257	100000	-0.1166	
2.75	0.7652	0.02235	100000	-0.1167	
3	0.7785	0.02312	100000	-0.1152	
3.25	0.8075	0.02293	100000	-0.1147	
3.5	0.8418	0.02235	100000	-0.1144	
3.75	0.8772	0.02181	100000	-0.1141	
4	0.8954	0.02232	100000	-0.1128	
4.25	0.9226	0.02202	100000	-0.1119	
4.5	0.9561	0.02128	100000	-0.1112	
4.75	0.9877	0.02092	100000	-0.1106	
5	1.0076	0.02103	100000	-0.1091	
5.25	1.0391	0.02025	100000	-0.1082	
5.5	1.0693	0.01985	100000	-0.1074	
5.75	1.092	0.01968	100000	-0.106	
6	1.1242	0.01894	100000	-0.105	
6.25	1.145	0.01892	100000	-0.1034	
6.5	1.1704	0.01875	100000	-0.1021	
6.75	1.1938	0.01878	100000	-0.1004	
7.25	1.2322	0.01993	100000	-0.0968	
7.5	1.2491	0.0208	100000	-0.095	
7.75	1.2658	0.02179	100000	-0.0932	
8	1.2817	0.02293	100000	-0.0914	
8.25	1.2959	0.02425	100000	-0.0895	
8.5	1.3094	0.02518	100000	-0.0875	
8.75	1.3219	0.02647	100000	-0.0854	
9	1.3306	0.02798	100000	-0.0829	
9.25	1.3383	0.02908	100000	-0.0802	
9.5	1.3451	0.03082	100000	-0.0774	
9.75	1.3462	0.03289	100000	-0.0741	
10	1.3464	0.03414	100000	-0.0709	
10.25	1.348	0.03644	100000	-0.0681	
10.5	1.3516	0.03837	100000	-0.0655	
10.75	1.3617	0.04171	100000	-0.0634	
11	1.3694	0.04401	100000	-0.0611	
11.25	1.3768	0.04654	100000	-0.059	
11.5	1.386	0.05	100000	-0.0572	
11.75	1.387	0.05713	100000	-0.0554	
12	1.3799	0.05812	100000	-0.0528	
12.25	1.3735	0.05999	100000	-0.0509	
12.5	1.367	0.06312	100000	-0.0494	
12.75	1.3566	0.06699	100000	-0.048	
13	1.3433	0.07108	100000	-0.047	
13.25	1.3286	0.07551	100000	-0.0465	
13.5	1.3121	0.08042	100000	-0.0466	
13.75	1.2929	0.08595	100000	-0.0475	
14	1.2703	0.09227	100000	-0.0495	
14.25	1.2433	0.09979	100000	-0.0528	
14.5	1.2111	0.10916	100000	-0.0581	
14.75	1.1745	0.12073	100000	-0.0658	
15.25	1.0559	0.16963	100000	-0.0962	
15.5	1.048	0.17816	100000	-0.1	
15.75	1.0441	0.1857	100000	-0.1028	
16	1.0256	0.20466	100000	-0.1123	
16.25	1.0253	0.21054	100000	-0.1148	
16.5	1.0289	0.21596	100000	-0.1163	
17	1.0426	0.23335	100000	-0.1144	
17.25	1.0378	0.23581	100000	-0.1193	
17.5	1.0281	0.23846	100000	-0.1253	
17.75	1.0297	0.24257	100000	-0.1275	
18	1.0358	0.24714	100000	-0.1279	
18.25	1.0482	0.25214	100000	-0.1262	
18.5	1.0535	0.26653	100000	-0.1235	
18.75	1.0543	0.27249	100000	-0.1257	
19	1.0547	0.27802	100000	-0.1279	
19.25	1.0547	0.28293	100000	-0.1303	
19.5	1.0509	0.28657	100000	-0.1334	
19.75	1.0422	0.28887	100000	-0.1378	
20	1.0393	0.29343	100000	-0.1409	
-10	-0.3471	0.11805	150000	-0.0303	
-9.75	-0.339	0.11477	150000	-0.0309	
-9.5	-0.332	0.11163	150000	-0.0319	
-9.25	-0.3257	0.10856	150000	-0.033	
-9	-0.32	0.10554	150000	-0.0341	
-8.75	-0.3148	0.10254	150000	-0.0354	
-8.5	-0.3104	0.0996	150000	-0.0367	
-8.25	-0.3077	0.09682	150000	-0.0377	
-8	-0.3097	0.09453	150000	-0.0378	
-7.75	-0.3232	0.0935	150000	-0.0351	
-7.5	-0.3477	0.09367	150000	-0.0299	
-7.25	-0.3678	0.09331	150000	-0.0262	
-7	-0.351	0.08902	150000	-0.0333	
-6.75	-0.3219	0.084	150000	-0.0461	
-6.5	-0.2787	0.07922	150000	-0.0632	
-6.25	-0.2502	0.07413	150000	-0.0722	
-5.75	-0.2105	0.05795	150000	-0.0868	
-5.5	-0.1801	0.05426	150000	-0.0906	
-5.25	-0.1599	0.05154	150000	-0.0926	
-5	-0.1237	0.0484	150000	-0.0985	
-4.75	-0.0905	0.04233	150000	-0.1056	
-4.5	-0.057	0.0392	150000	-0.1085	
-4.25	-0.0166	0.0352	150000	-0.1131	
-4	0.0315	0.02518	150000	-0.1162	
-3.75	0.0585	0.02314	150000	-0.1159	
-3.5	0.0924	0.02114	150000	-0.1168	
-3.25	0.1269	0.01979	150000	-0.118	
-3	0.1615	0.01861	150000	-0.1189	
-2.75	0.1966	0.01705	150000	-0.1201	
-2.5	0.2282	0.01531	150000	-0.1215	
-2.25	0.2517	0.01441	150000	-0.1214	
-2	0.2713	0.01405	150000	-0.1191	
-1.75	0.2884	0.01386	150000	-0.1157	
-1.5	0.3046	0.01362	150000	-0.1117	
-1.25	0.3416	0.01351	150000	-0.113	
-1	0.3696	0.01378	150000	-0.1137	
-0.75	0.3967	0.01403	150000	-0.1141	
-0.5	0.4252	0.01419	150000	-0.1145	
-0.25	0.4548	0.01423	150000	-0.1147	
0	0.485	0.01424	150000	-0.1149	
0.25	0.515	0.01436	150000	-0.115	
0.5	0.5417	0.01464	150000	-0.115	
0.75	0.5677	0.01485	150000	-0.115	
1	0.595	0.01496	150000	-0.1149	
1.25	0.6236	0.0149	150000	-0.1146	
1.5	0.6532	0.01477	150000	-0.1143	
1.75	0.6809	0.01498	150000	-0.1139	
2	0.7064	0.01513	150000	-0.1137	
2.25	0.733	0.01518	150000	-0.1134	
2.5	0.7613	0.01504	150000	-0.113	
2.75	0.7904	0.01489	150000	-0.1125	
3	0.818	0.01505	150000	-0.1121	
3.25	0.8434	0.01513	150000	-0.1118	
3.5	0.8705	0.01504	150000	-0.1113	
3.75	0.8991	0.01483	150000	-0.1108	
4	0.9279	0.01482	150000	-0.1104	
4.25	0.9533	0.01488	150000	-0.1099	
4.5	0.9799	0.01475	150000	-0.1093	
4.75	1.008	0.01455	150000	-0.1087	
5	1.0352	0.01458	150000	-0.1082	
5.25	1.0604	0.01451	150000	-0.1075	
5.5	1.0879	0.01434	150000	-0.1067	
5.75	1.1125	0.01442	150000	-0.106	
6	1.1378	0.01444	150000	-0.105	
6.25	1.1609	0.01463	150000	-0.1039	
6.5	1.1831	0.015	150000	-0.1027	
6.75	1.2033	0.01558	150000	-0.1013	
7	1.2219	0.01633	150000	-0.0998	
7.25	1.2399	0.01719	150000	-0.0983	
7.5	1.2564	0.01816	150000	-0.0966	
7.75	1.2727	0.0191	150000	-0.095	
8	1.2906	0.01993	150000	-0.0937	
8.25	1.3049	0.02099	150000	-0.0918	
8.5	1.3183	0.02199	150000	-0.09	
8.75	1.3334	0.02292	150000	-0.0883	
9	1.3424	0.02421	150000	-0.0858	
9.25	1.3495	0.0254	150000	-0.0832	
9.5	1.3568	0.0266	150000	-0.0805	
9.75	1.3589	0.02837	150000	-0.0774	
10	1.3573	0.03053	150000	-0.0741	
10.25	1.3621	0.0324	150000	-0.0715	
10.5	1.3639	0.03448	150000	-0.069	
10.75	1.3634	0.03764	150000	-0.0659	
11	1.3715	0.03966	150000	-0.0638	
11.25	1.3778	0.04181	150000	-0.0617	
11.5	1.3785	0.04379	150000	-0.0601	
11.75	1.3783	0.04839	150000	-0.0575	
12	1.3813	0.05066	150000	-0.0558	
12.25	1.3815	0.05337	150000	-0.0541	
12.5	1.3785	0.05669	150000	-0.0524	
12.75	1.3722	0.0604	150000	-0.051	
13	1.3629	0.06435	150000	-0.0497	
13.25	1.3516	0.06857	150000	-0.0489	
13.5	1.3398	0.07294	150000	-0.0486	
13.75	1.3271	0.07749	150000	-0.0489	
14	1.3147	0.08209	150000	-0.0496	
14.25	1.3003	0.08719	150000	-0.051	
14.5	1.2842	0.09291	150000	-0.0529	
14.75	1.2664	0.09932	150000	-0.0557	
15	1.2274	0.1111	150000	-0.0622	
15.25	1.1947	0.12238	150000	-0.0696	
15.5	1.1661	0.13364	150000	-0.0776	
15.75	1.1357	0.14689	150000	-0.0865	
16	1.106	0.1614	150000	-0.095	
16.25	1.0837	0.17453	150000	-0.1015	
16.5	1.0697	0.18559	150000	-0.1061	
17.25	1.0449	0.22108	150000	-0.1208	
17.5	1.0568	0.22646	150000	-0.118	
17.75	1.0573	0.23338	150000	-0.12	
18	1.0464	0.24589	150000	-0.1222	
18.25	1.0476	0.25263	150000	-0.1243	
18.5	1.0488	0.25919	150000	-0.1263	
18.75	1.0498	0.26552	150000	-0.1284	
19	1.0507	0.27145	150000	-0.1305	
19.25	1.0515	0.27657	150000	-0.1329	
19.5	1.0485	0.28035	150000	-0.1372	
19.75	1.0466	0.28557	150000	-0.141	
20	1.0477	0.29051	150000	-0.1425	
-10	-0.342	0.12022	200000	-0.0309	
-9.75	-0.3349	0.11749	200000	-0.0329	
-9.5	-0.3284	0.11455	200000	-0.0348	
-9.25	-0.3223	0.11148	200000	-0.0366	
-9	-0.3164	0.10832	200000	-0.0384	
-8.75	-0.3112	0.10518	200000	-0.0401	
-8.5	-0.3076	0.10217	200000	-0.0415	
-8.25	-0.3096	0.09978	200000	-0.0415	
-8	-0.3296	0.09955	200000	-0.0371	
-7.75	-0.3327	0.09735	200000	-0.0378	
-7.5	-0.3131	0.09239	200000	-0.0449	
-7.25	-0.2892	0.08682	200000	-0.0535	
-7	-0.2711	0.07802	200000	-0.0647	
-6.75	-0.2542	0.0694	200000	-0.074	
-6.5	-0.2356	0.06551	200000	-0.0773	
-6.25	-0.2093	0.06125	200000	-0.083	
-6	-0.1779	0.05641	200000	-0.0906	
-5.75	-0.1539	0.05202	200000	-0.0962	
-5.5	-0.1256	0.04734	200000	-0.102	
-5.25	-0.0929	0.04273	200000	-0.1074	
-5	-0.0645	0.03858	200000	-0.1108	
-4.75	-0.0324	0.03988	200000	-0.1107	
-4.25	0.0239	0.02492	200000	-0.1157	
-4	0.0546	0.02244	200000	-0.1163	
-3.75	0.0836	0.02019	200000	-0.1165	
-3.5	0.1115	0.01846	200000	-0.1163	
-3.25	0.1402	0.01714	200000	-0.1161	
-3	0.1692	0.01544	200000	-0.1161	
-2.75	0.1988	0.01444	200000	-0.1162	
-2.5	0.2295	0.01291	200000	-0.1171	
-2.25	0.2577	0.01207	200000	-0.118	
-2	0.2829	0.01155	200000	-0.1175	
-1.75	0.3044	0.01129	200000	-0.1156	
-1.5	0.3231	0.01112	200000	-0.1128	
-1.25	0.339	0.01094	200000	-0.1092	
-1	0.3697	0.01079	200000	-0.1093	
-0.75	0.3994	0.01106	200000	-0.1099	
-0.5	0.4287	0.01115	200000	-0.1105	
-0.25	0.4574	0.01123	200000	-0.1109	
0	0.4862	0.01131	200000	-0.1111	
0.25	0.515	0.01134	200000	-0.1112	
0.5	0.5438	0.01136	200000	-0.1112	
0.75	0.5721	0.01152	200000	-0.1111	
1	0.6	0.01169	200000	-0.1113	
1.25	0.6277	0.01171	200000	-0.1113	
1.5	0.6557	0.01173	200000	-0.1112	
1.75	0.684	0.01171	200000	-0.111	
2	0.7122	0.0117	200000	-0.1108	
2.25	0.7401	0.01193	200000	-0.1107	
2.5	0.7675	0.01193	200000	-0.1106	
2.75	0.7951	0.01194	200000	-0.1105	
3	0.8231	0.0119	200000	-0.1103	
3.25	0.8512	0.01185	200000	-0.1099	
3.5	0.8791	0.01204	200000	-0.1098	
3.75	0.9061	0.01205	200000	-0.1097	
4	0.9334	0.012	200000	-0.1094	
4.25	0.961	0.01193	200000	-0.109	
4.5	0.9888	0.01206	200000	-0.1088	
4.75	1.0152	0.01205	200000	-0.1085	
5	1.0419	0.01202	200000	-0.108	
5.25	1.0684	0.0121	200000	-0.1075	
5.5	1.0942	0.01217	200000	-0.107	
5.75	1.1192	0.01234	200000	-0.1063	
6	1.1428	0.01263	200000	-0.1054	
6.25	1.1658	0.01303	200000	-0.1045	
6.5	1.1866	0.01362	200000	-0.1033	
6.75	1.2064	0.01433	200000	-0.1021	
7	1.2259	0.01508	200000	-0.1009	
7.25	1.2443	0.01591	200000	-0.0996	
7.5	1.2612	0.01686	200000	-0.0981	
7.75	1.2808	0.01756	200000	-0.097	
8	1.2986	0.01838	200000	-0.0957	
8.25	1.3126	0.01945	200000	-0.0938	
8.5	1.3308	0.02015	200000	-0.0926	
8.75	1.3455	0.02109	200000	-0.0909	
9	1.356	0.02227	200000	-0.0887	
9.25	1.3666	0.02335	200000	-0.0865	
9.5	1.3735	0.02461	200000	-0.0836	
9.75	1.3752	0.02638	200000	-0.0803	
10	1.3775	0.0282	200000	-0.0774	
10.25	1.3761	0.03045	200000	-0.0741	
10.5	1.3823	0.03216	200000	-0.0719	
10.75	1.3833	0.03436	200000	-0.0694	
11	1.3767	0.03784	200000	-0.0659	
11.25	1.3845	0.03936	200000	-0.0645	
11.5	1.3905	0.0413	200000	-0.0627	
11.75	1.3942	0.04352	200000	-0.061	
12	1.3945	0.04599	200000	-0.0594	
12.25	1.3891	0.04937	200000	-0.0575	
12.75	1.3747	0.05734	200000	-0.0539	
13	1.374	0.05972	200000	-0.0534	
13.25	1.3692	0.06295	200000	-0.0527	
13.5	1.3608	0.06701	200000	-0.052	
13.75	1.3502	0.07152	200000	-0.0519	
14	1.3382	0.07638	200000	-0.0522	
14.25	1.3247	0.08168	200000	-0.0531	
14.5	1.3096	0.08745	200000	-0.0547	
14.75	1.2938	0.0936	200000	-0.0569	
15	1.2765	0.10036	200000	-0.0599	
15.25	1.2581	0.10772	200000	-0.0638	
15.5	1.2386	0.11578	200000	-0.0686	
15.75	1.218	0.12438	200000	-0.0741	
16	1.1963	0.13381	200000	-0.0805	
16.25	1.173	0.14464	200000	-0.0877	
16.5	1.1459	0.15768	200000	-0.0958	
17	1.0648	0.20384	200000	-0.116	
17.25	1.0587	0.21328	200000	-0.1196	
17.5	1.0554	0.22156	200000	-0.1224	
17.75	1.0537	0.22904	200000	-0.1248	
18	1.0528	0.23615	200000	-0.1269	
18.25	1.0529	0.24305	200000	-0.129	
18.5	1.0531	0.24984	200000	-0.1312	
19.5	1.0516	0.27829	200000	-0.136	
19.75	1.0521	0.28438	200000	-0.1376	
20	1.0524	0.29018	200000	-0.1393	
-10	-0.3436	0.11627	250000	-0.0272	
-9.75	-0.3374	0.11305	250000	-0.0287	
-9.5	-0.3314	0.10984	250000	-0.0303	
-9.25	-0.3257	0.10665	250000	-0.0319	
-9	-0.3203	0.10349	250000	-0.0335	
-8.75	-0.3149	0.10031	250000	-0.0351	
-8.5	-0.3102	0.09718	250000	-0.0368	
-8.25	-0.3073	0.09427	250000	-0.0382	
-8	-0.3149	0.09256	250000	-0.037	
-7.75	-0.3167	0.09027	250000	-0.038	
-7.5	-0.2965	0.08568	250000	-0.0455	
-7.25	-0.2693	0.08168	250000	-0.0551	
-7	-0.2384	0.07667	250000	-0.0658	
-6.75	-0.213	0.07132	250000	-0.0753	
-6.5	-0.1854	0.06549	250000	-0.0848	
-6.25	-0.1627	0.06029	250000	-0.0914	
-6	-0.1425	0.05557	250000	-0.0961	
-5.75	-0.1209	0.05105	250000	-0.1001	
-5.5	-0.112	0.04112	250000	-0.1062	
-5.25	-0.0921	0.03704	250000	-0.1082	
-5	-0.0685	0.03409	250000	-0.1094	
-4.75	-0.0398	0.0297	250000	-0.1105	
-4.5	-0.0102	0.02425	250000	-0.1122	
-4.25	0.0201	0.02061	250000	-0.1127	
-4	0.0485	0.01885	250000	-0.1128	
-3.75	0.0759	0.01795	250000	-0.1127	
-3.5	0.1045	0.01644	250000	-0.1124	
-3.25	0.1337	0.01512	250000	-0.1124	
-3	0.1629	0.01406	250000	-0.1124	
-2.75	0.1923	0.01311	250000	-0.1127	
-2.5	0.2235	0.01168	250000	-0.1135	
-2.25	0.2524	0.01087	250000	-0.1144	
-2	0.2802	0.01023	250000	-0.1146	
-1.75	0.3056	0.00996	250000	-0.1138	
-1.5	0.3292	0.00977	250000	-0.1125	
-1.25	0.3503	0.00964	250000	-0.1106	
-1	0.3671	0.0095	250000	-0.1076	
-0.75	0.3967	0.00934	250000	-0.1076	
-0.5	0.4265	0.00937	250000	-0.108	
-0.25	0.4558	0.00942	250000	-0.1082	
0	0.4849	0.00964	250000	-0.1085	
0.25	0.514	0.00973	250000	-0.1089	
0.5	0.5429	0.00978	250000	-0.1093	
0.75	0.5717	0.00982	250000	-0.1094	
1	0.6002	0.0098	250000	-0.1094	
1.25	0.6286	0.00982	250000	-0.1094	
1.5	0.6571	0.00996	250000	-0.1094	
1.75	0.6854	0.01009	250000	-0.1095	
2	0.7136	0.0101	250000	-0.1096	
2.25	0.7419	0.01011	250000	-0.1096	
2.5	0.7701	0.01011	250000	-0.1096	
2.75	0.7983	0.01015	250000	-0.1094	
3	0.8263	0.01033	250000	-0.1094	
3.25	0.8542	0.01034	250000	-0.1095	
3.5	0.8821	0.01036	250000	-0.1094	
3.75	0.9098	0.01034	250000	-0.1092	
4	0.9375	0.01043	250000	-0.109	
4.25	0.9651	0.01051	250000	-0.1089	
4.5	0.9923	0.01053	250000	-0.1088	
4.75	1.0193	0.01057	250000	-0.1084	
5	1.0461	0.01069	250000	-0.1082	
5.25	1.0723	0.01079	250000	-0.1078	
5.5	1.0977	0.01099	250000	-0.1073	
5.75	1.1219	0.01131	250000	-0.1065	
6	1.1458	0.01167	250000	-0.1059	
6.25	1.1676	0.01223	250000	-0.1049	
6.5	1.1886	0.01289	250000	-0.1039	
6.75	1.2092	0.01359	250000	-0.1029	
7	1.2287	0.01436	250000	-0.1018	
7.25	1.2473	0.0152	250000	-0.1006	
7.5	1.2684	0.01582	250000	-0.0997	
7.75	1.2875	0.01659	250000	-0.0986	
8.25	1.3233	0.0182	250000	-0.0961	
8.5	1.3403	0.01903	250000	-0.0947	
8.75	1.3543	0.02006	250000	-0.0929	
9	1.3694	0.02096	250000	-0.0912	
9.25	1.3816	0.02203	250000	-0.0892	
9.5	1.3867	0.02338	250000	-0.086	
9.75	1.3858	0.02528	250000	-0.0823	
10	1.3944	0.02661	250000	-0.0799	
10.25	1.3961	0.02848	250000	-0.077	
10.5	1.3847	0.03171	250000	-0.0727	
10.75	1.3974	0.03277	250000	-0.0715	
11	1.4049	0.03437	250000	-0.0697	
11.25	1.4087	0.03634	250000	-0.0678	
11.5	1.4107	0.03845	250000	-0.0659	
11.75	1.4008	0.04205	250000	-0.063	
12	1.3999	0.04484	250000	-0.0612	
12.25	1.4071	0.04645	250000	-0.0607	
12.5	1.407	0.04909	250000	-0.0595	
12.75	1.4043	0.05211	250000	-0.0582	
13	1.3993	0.05542	250000	-0.0572	
13.25	1.3926	0.05891	250000	-0.0561	
13.5	1.3827	0.06289	250000	-0.0552	
13.75	1.372	0.06729	250000	-0.0546	
14	1.3596	0.07219	250000	-0.0545	
14.25	1.3462	0.07747	250000	-0.0549	
14.5	1.3317	0.08311	250000	-0.056	
14.75	1.317	0.08901	250000	-0.0577	
15	1.3016	0.09529	250000	-0.0601	
15.25	1.2865	0.10178	250000	-0.063	
15.5	1.2715	0.10853	250000	-0.0664	
15.75	1.2565	0.11566	250000	-0.0705	
16	1.2419	0.12287	250000	-0.0749	
16.25	1.2276	0.1302	250000	-0.0797	
16.5	1.2133	0.13806	250000	-0.0848	
16.75	1.1982	0.14674	250000	-0.0904	
17	1.1806	0.15691	250000	-0.0967	
17.25	1.1027	0.19133	250000	-0.1137	
17.5	1.083	0.20621	250000	-0.1193	
17.75	1.0747	0.21656	250000	-0.1232	
18	1.0698	0.22565	250000	-0.1264	
18.25	1.0667	0.23401	250000	-0.1292	
18.5	1.0647	0.24187	250000	-0.1317	
18.75	1.0634	0.24935	250000	-0.1339	
19	1.0623	0.25653	250000	-0.1359	
19.25	1.0605	0.26369	250000	-0.1376	
19.5	1.0681	0.26731	250000	-0.1374	
19.75	1.0668	0.27535	250000	-0.1399	
20	1.0673	0.28121	250000	-0.1411	
-9.75	-0.3474	0.11067	300000	-0.0321	
-9.5	-0.3407	0.10744	300000	-0.033	
-9.25	-0.3336	0.10433	300000	-0.034	
-9	-0.3268	0.10125	300000	-0.0351	
-8.75	-0.3204	0.09817	300000	-0.0364	
-8.5	-0.3149	0.09516	300000	-0.0377	
-8.25	-0.3119	0.09238	300000	-0.0387	
-8	-0.3205	0.09085	300000	-0.0371	
-7.75	-0.3026	0.08651	300000	-0.0427	
-7.5	-0.284	0.08203	300000	-0.0488	
-7.25	-0.2657	0.0775	300000	-0.0552	
-7	-0.2472	0.0728	300000	-0.0623	
-6.75	-0.2264	0.06777	300000	-0.0704	
-6.5	-0.2096	0.06292	300000	-0.0776	
-6.25	-0.1902	0.05775	300000	-0.0848	
-6	-0.1701	0.05267	300000	-0.0909	
-5.75	-0.1472	0.04774	300000	-0.0961	
-5.5	-0.1139	0.04656	300000	-0.0983	
-5.25	-0.0907	0.04283	300000	-0.101	
-5	-0.0669	0.03913	300000	-0.1032	
-4.75	-0.0483	0.02916	300000	-0.1078	
-4.5	-0.015	0.02332	300000	-0.1086	
-4.25	0.0129	0.02196	300000	-0.1086	
-4	0.0416	0.02001	300000	-0.109	
-3.75	0.0711	0.01732	300000	-0.1095	
-3.5	0.1	0.01481	300000	-0.11	
-3.25	0.1289	0.01374	300000	-0.11	
-3	0.158	0.01279	300000	-0.11	
-2.75	0.1874	0.01208	300000	-0.1101	
-2.5	0.2186	0.01096	300000	-0.1108	
-2.25	0.2482	0.01022	300000	-0.1119	
-2	0.2774	0.0096	300000	-0.1127	
-1.75	0.3054	0.00913	300000	-0.1128	
-1.5	0.3314	0.00885	300000	-0.1122	
-1.25	0.3554	0.00868	300000	-0.1109	
-1	0.3767	0.00856	300000	-0.109	
-0.75	0.3947	0.00848	300000	-0.1062	
-0.5	0.4248	0.00846	300000	-0.1065	
-0.25	0.4548	0.00848	300000	-0.1071	
0	0.4844	0.00852	300000	-0.1075	
0.25	0.5137	0.00856	300000	-0.1079	
0.5	0.5428	0.00859	300000	-0.1081	
0.75	0.5715	0.00862	300000	-0.1081	
1	0.6003	0.00882	300000	-0.1083	
1.25	0.6291	0.00887	300000	-0.1086	
1.5	0.6579	0.00889	300000	-0.1088	
1.75	0.6865	0.00891	300000	-0.1089	
2	0.715	0.00892	300000	-0.1089	
2.25	0.7434	0.00897	300000	-0.109	
2.5	0.7718	0.00917	300000	-0.109	
2.75	0.8	0.00918	300000	-0.1091	
3	0.8283	0.0092	300000	-0.1092	
3.25	0.8565	0.00923	300000	-0.1093	
3.5	0.8844	0.00927	300000	-0.1091	
3.75	0.9122	0.00943	300000	-0.1091	
4	0.9401	0.00945	300000	-0.1091	
4.25	0.9678	0.00949	300000	-0.1091	
4.5	0.9949	0.00958	300000	-0.1088	
4.75	1.022	0.0097	300000	-0.1087	
5	1.0489	0.00981	300000	-0.1085	
5.25	1.0745	0.01002	300000	-0.108	
5.5	1.0996	0.0103	300000	-0.1075	
5.75	1.1244	0.01064	300000	-0.1071	
6	1.1471	0.01115	300000	-0.1063	
6.25	1.1688	0.01177	300000	-0.1054	
6.5	1.1902	0.01243	300000	-0.1045	
6.75	1.2106	0.01317	300000	-0.1035	
7	1.2315	0.01386	300000	-0.1027	
7.25	1.2534	0.01445	300000	-0.1019	
7.5	1.273	0.01521	300000	-0.1009	
7.75	1.2918	0.016	300000	-0.0997	
8	1.3122	0.01665	300000	-0.0988	
8.25	1.3302	0.01745	300000	-0.0976	
8.5	1.3473	0.0183	300000	-0.0962	
8.75	1.3651	0.01907	300000	-0.0949	
9	1.3796	0.02004	300000	-0.0932	
9.25	1.3903	0.02126	300000	-0.0909	
9.5	1.3968	0.02255	300000	-0.0879	
9.75	1.4042	0.02382	300000	-0.0851	
10	1.4028	0.02583	300000	-0.0814	
10.25	1.4057	0.02758	300000	-0.0784	
10.5	1.4152	0.02883	300000	-0.0766	
10.75	1.4213	0.03043	300000	-0.0745	
11	1.4236	0.03244	300000	-0.0722	
11.25	1.4179	0.03528	300000	-0.0693	
11.5	1.413	0.03811	300000	-0.0666	
11.75	1.4319	0.03848	300000	-0.0667	
12	1.4348	0.0406	300000	-0.0653	
12.25	1.43	0.04363	300000	-0.0636	
12.5	1.4183	0.04755	300000	-0.0614	
12.75	1.4033	0.05205	300000	-0.0591	
13	1.3864	0.05699	300000	-0.0569	
13.25	1.368	0.06217	300000	-0.0551	
13.5	1.3593	0.0662	300000	-0.0547	
13.75	1.3533	0.07006	300000	-0.0547	
14	1.3437	0.07464	300000	-0.0552	
14.25	1.3335	0.07951	300000	-0.056	
14.5	1.3203	0.08508	300000	-0.0576	
14.75	1.3065	0.09099	300000	-0.0596	
15	1.2914	0.0974	300000	-0.0622	
15.25	1.2747	0.10442	300000	-0.0657	
15.5	1.2573	0.11191	300000	-0.0698	
15.75	1.239	0.11995	300000	-0.0745	
16	1.2195	0.12827	300000	-0.0798	
16.25	1.1977	0.13772	300000	-0.0859	
17	1.1484	0.16657	300000	-0.1034	
17.25	1.1392	0.17529	300000	-0.1081	
17.5	1.1301	0.18438	300000	-0.1127	
17.75	1.1208	0.19398	300000	-0.1171	
18	1.1102	0.20474	300000	-0.1215	
18.25	1.0814	0.22663	300000	-0.1281	
18.5	1.071	0.23954	300000	-0.132	
18.75	1.0671	0.24881	300000	-0.1348	
19	1.0648	0.25708	300000	-0.1371	
19.25	1.0635	0.26457	300000	-0.1391	
19.5	1.0619	0.27138	300000	-0.1403	
20	1.0541	0.28689	300000	-0.1418	
-10	-0.3371	0.11879	350000	-0.0301	
-9.75	-0.3306	0.11529	350000	-0.0317	
-9.5	-0.3243	0.11182	350000	-0.0334	
-9.25	-0.3181	0.10838	350000	-0.035	
-9	-0.3118	0.1049	350000	-0.0368	
-8.75	-0.3058	0.10145	350000	-0.0386	
-8.5	-0.3008	0.09812	350000	-0.0402	
-8.25	-0.3156	0.09275	350000	-0.0407	
-8	-0.3083	0.08666	350000	-0.0459	
-7.75	-0.2939	0.08157	350000	-0.0516	
-7.5	-0.277	0.07684	350000	-0.0577	
-7.25	-0.2615	0.07277	350000	-0.0627	
-7	-0.2449	0.06849	350000	-0.0685	
-6.75	-0.2316	0.06429	350000	-0.0737	
-6.5	-0.2158	0.05962	350000	-0.0797	
-6.25	-0.1986	0.05493	350000	-0.0852	
-6	-0.1795	0.05021	350000	-0.0902	
-5.75	-0.1574	0.04545	350000	-0.0949	
-5.5	-0.1334	0.04082	350000	-0.0988	
-5.25	-0.1083	0.03643	350000	-0.1018	
-5	-0.082	0.03215	350000	-0.1041	
-4.5	-0.021	0.02357	350000	-0.1063	
-4.25	0.0084	0.02017	350000	-0.1073	
-4	0.0378	0.01778	350000	-0.1078	
-3.75	0.067	0.01603	350000	-0.1079	
-3.5	0.0959	0.01499	350000	-0.1079	
-3.25	0.125	0.01317	350000	-0.1081	
-3	0.1549	0.01205	350000	-0.1085	
-2.75	0.1851	0.01132	350000	-0.1089	
-2.5	0.2164	0.01033	350000	-0.1096	
-2.25	0.246	0.00966	350000	-0.1105	
-2	0.2752	0.00903	350000	-0.1113	
-1.75	0.3039	0.00856	350000	-0.1116	
-1.5	0.3315	0.00829	350000	-0.1115	
-1.25	0.3574	0.0082	350000	-0.1109	
-1	0.382	0.00808	350000	-0.1099	
-0.75	0.4036	0.00793	350000	-0.1081	
-0.25	0.4545	0.00767	350000	-0.1064	
0	0.4841	0.00771	350000	-0.1068	
0.25	0.5135	0.00776	350000	-0.1071	
0.5	0.5426	0.00791	350000	-0.1073	
0.75	0.5718	0.00799	350000	-0.1077	
1	0.6009	0.00801	350000	-0.108	
1.25	0.6299	0.00803	350000	-0.1082	
1.5	0.6587	0.00806	350000	-0.1084	
1.75	0.6874	0.0081	350000	-0.1085	
2	0.7159	0.00821	350000	-0.1085	
2.25	0.7446	0.00835	350000	-0.1088	
2.5	0.7731	0.00835	350000	-0.1089	
2.75	0.8016	0.00838	350000	-0.1091	
3	0.83	0.00843	350000	-0.1092	
3.25	0.858	0.00849	350000	-0.1091	
3.5	0.886	0.00864	350000	-0.1091	
3.75	0.9143	0.00867	350000	-0.1093	
4	0.9423	0.00872	350000	-0.1093	
4.25	0.9696	0.00882	350000	-0.1091	
4.5	0.9969	0.00895	350000	-0.1091	
4.75	1.0244	0.00905	350000	-0.109	
5	1.0502	0.00928	350000	-0.1086	
5.25	1.0763	0.00949	350000	-0.1083	
5.5	1.1015	0.00982	350000	-0.1079	
5.75	1.125	0.01029	350000	-0.1073	
6	1.1473	0.01087	350000	-0.1065	
6.5	1.1917	0.01212	350000	-0.1051	
6.75	1.2137	0.01274	350000	-0.1044	
7	1.2357	0.01335	350000	-0.1036	
7.25	1.2558	0.0141	350000	-0.1027	
7.5	1.2773	0.01471	350000	-0.1019	
7.75	1.2978	0.01539	350000	-0.101	
8	1.3163	0.01621	350000	-0.0998	
8.25	1.3368	0.01683	350000	-0.0989	
8.5	1.3551	0.01759	350000	-0.0977	
8.75	1.3711	0.01853	350000	-0.0962	
9	1.3872	0.01939	350000	-0.0947	
9.25	1.4005	0.02044	350000	-0.0927	
9.5	1.4088	0.0217	350000	-0.0899	
9.75	1.411	0.02328	350000	-0.0863	
10	1.4167	0.0247	350000	-0.0834	
10.25	1.4265	0.02587	350000	-0.0813	
10.5	1.4308	0.02748	350000	-0.0787	
10.75	1.4284	0.02974	350000	-0.0755	
11	1.4166	0.03307	350000	-0.0717	
11.25	1.4424	0.03285	350000	-0.0721	
11.5	1.4557	0.03387	350000	-0.0712	
11.75	1.4537	0.03631	350000	-0.0691	
12	1.4329	0.04074	350000	-0.0656	
12.25	1.4089	0.04603	350000	-0.062	
12.5	1.4139	0.04812	350000	-0.0611	
12.75	1.4151	0.05068	350000	-0.06	
13	1.4123	0.05375	350000	-0.0589	
13.25	1.4077	0.05705	350000	-0.0578	
13.5	1.3992	0.06075	350000	-0.0569	
13.75	1.3905	0.06476	350000	-0.0563	
14	1.3804	0.06926	350000	-0.0562	
14.25	1.369	0.07418	350000	-0.0566	
14.5	1.3563	0.07952	350000	-0.0575	
14.75	1.3426	0.08524	350000	-0.0589	
15	1.3274	0.0915	350000	-0.0611	
15.25	1.3121	0.098	350000	-0.0638	
15.5	1.2957	0.105	350000	-0.0671	
15.75	1.2785	0.1125	350000	-0.0712	
16	1.261	0.12041	350000	-0.0758	
16.25	1.2433	0.1284	350000	-0.0808	
16.5	1.2254	0.13676	350000	-0.0862	
16.75	1.2069	0.14597	350000	-0.092	
17	1.1871	0.15627	350000	-0.0984	
17.25	1.1648	0.16817	350000	-0.1052	
17.5	1.1369	0.1831	350000	-0.1129	
18.25	1.0818	0.22388	350000	-0.1287	
18.5	1.08	0.23148	350000	-0.1312	
18.75	1.0795	0.23857	350000	-0.1334	
19	1.08	0.24535	350000	-0.1355	
19.25	1.0804	0.25257	350000	-0.1375	
19.5	1.0637	0.27227	350000	-0.1416	
20	1.0551	0.28752	350000	-0.1429	
-9.75	-0.3302	0.11503	400000	-0.031	
-9.5	-0.3238	0.11157	400000	-0.0326	
-9.25	-0.3177	0.10814	400000	-0.0343	
-9	-0.3113	0.10468	400000	-0.0361	
-8.75	-0.305	0.10123	400000	-0.0379	
-8.5	-0.2997	0.09788	400000	-0.0396	
-8.25	-0.2983	0.09505	400000	-0.0405	
-8	-0.2819	0.09043	400000	-0.0458	
-7.75	-0.2655	0.08581	400000	-0.0511	
-7.5	-0.2503	0.08127	400000	-0.0563	
-7.25	-0.2383	0.07701	400000	-0.0609	
-7	-0.228	0.07278	400000	-0.0654	
-6.75	-0.2234	0.06387	400000	-0.0753	
-6.5	-0.2121	0.05634	400000	-0.0835	
-6.25	-0.1971	0.05038	400000	-0.089	
-5.75	-0.1568	0.0405	400000	-0.0972	
-5.5	-0.1339	0.0363	400000	-0.0999	
-5.25	-0.1092	0.03223	400000	-0.102	
-5	-0.0805	0.02807	400000	-0.1037	
-4.5	-0.0243	0.02227	400000	-0.1055	
-4.25	0.0051	0.01911	400000	-0.1063	
-4	0.0345	0.01675	400000	-0.1066	
-3.75	0.064	0.015	400000	-0.1067	
-3.5	0.0939	0.01367	400000	-0.107	
-3.25	0.1232	0.01308	400000	-0.1072	
-3	0.1529	0.01182	400000	-0.1075	
-2.75	0.1836	0.0107	400000	-0.108	
-2.25	0.2439	0.00929	400000	-0.1092	
-2	0.2732	0.0087	400000	-0.11	
-1.75	0.3027	0.00835	400000	-0.1108	
-1.5	0.3316	0.008	400000	-0.1111	
-1.25	0.3592	0.00774	400000	-0.111	
-1	0.385	0.00756	400000	-0.1103	
-0.75	0.4094	0.00743	400000	-0.1092	
-0.5	0.43	0.00728	400000	-0.1071	
-0.25	0.4542	0.00709	400000	-0.1058	
0	0.4839	0.00719	400000	-0.1062	
0.25	0.5136	0.00736	400000	-0.1067	
0.5	0.543	0.00734	400000	-0.1071	
0.75	0.5724	0.00736	400000	-0.1074	
1	0.6016	0.00739	400000	-0.1077	
1.25	0.6306	0.00742	400000	-0.1079	
1.5	0.6593	0.00749	400000	-0.1081	
1.75	0.688	0.00766	400000	-0.1083	
2	0.717	0.00771	400000	-0.1085	
2.25	0.7458	0.00772	400000	-0.1088	
2.5	0.7744	0.00775	400000	-0.1089	
2.75	0.803	0.0078	400000	-0.1091	
3	0.8312	0.00789	400000	-0.1091	
3.25	0.8593	0.00804	400000	-0.1092	
3.5	0.8878	0.00806	400000	-0.1093	
3.75	0.9161	0.00811	400000	-0.1095	
4	0.9438	0.00821	400000	-0.1094	
4.25	0.9711	0.00835	400000	-0.1093	
4.5	0.999	0.00844	400000	-0.1094	
4.75	1.0253	0.00864	400000	-0.1091	
5	1.0521	0.00883	400000	-0.109	
5.25	1.0771	0.00917	400000	-0.1085	
5.5	1.1022	0.00954	400000	-0.1082	
5.75	1.1258	0.01003	400000	-0.1076	
6	1.1487	0.0106	400000	-0.107	
6.25	1.1718	0.01117	400000	-0.1064	
6.5	1.1938	0.01181	400000	-0.1057	
6.75	1.2154	0.01249	400000	-0.1049	
7	1.2385	0.01301	400000	-0.1044	
7.25	1.2603	0.01363	400000	-0.1036	
7.5	1.2805	0.01437	400000	-0.1027	
7.75	1.301	0.01505	400000	-0.1018	
8	1.3225	0.01563	400000	-0.101	
8.25	1.341	0.01644	400000	-0.0999	
8.5	1.3609	0.01708	400000	-0.0989	
8.75	1.3785	0.0179	400000	-0.0975	
9	1.3934	0.01889	400000	-0.0958	
9.25	1.4059	0.02003	400000	-0.0938	
9.5	1.4174	0.02112	400000	-0.0915	
9.75	1.4209	0.02256	400000	-0.0879	
10	1.4316	0.02357	400000	-0.0856	
10.25	1.4351	0.02518	400000	-0.0826	
10.5	1.4285	0.02762	400000	-0.0786	
10.75	1.4391	0.02877	400000	-0.0769	
11	1.459	0.02916	400000	-0.0765	
11.25	1.4697	0.03035	400000	-0.0751	
11.5	1.4652	0.03297	400000	-0.0724	
12	1.4427	0.03972	400000	-0.0664	
12.25	1.4464	0.04184	400000	-0.0651	
12.5	1.4448	0.0446	400000	-0.0635	
12.75	1.4417	0.0476	400000	-0.062	
13	1.436	0.05095	400000	-0.0606	
13.25	1.4297	0.05443	400000	-0.0593	
13.5	1.4214	0.05811	400000	-0.0582	
13.75	1.4117	0.06203	400000	-0.0574	
14	1.4029	0.06617	400000	-0.057	
14.25	1.3922	0.07085	400000	-0.0572	
14.5	1.3823	0.07563	400000	-0.0577	
14.75	1.37	0.08102	400000	-0.059	
15	1.358	0.08655	400000	-0.0605	
15.25	1.3443	0.0926	400000	-0.0627	
15.5	1.3296	0.09911	400000	-0.0655	
15.75	1.3147	0.10583	400000	-0.0687	
16	1.298	0.11322	400000	-0.0726	
16.25	1.2799	0.12119	400000	-0.0771	
16.5	1.2607	0.12945	400000	-0.0822	
16.75	1.2403	0.13829	400000	-0.0878	
17	1.2186	0.14827	400000	-0.0941	
17.25	1.1954	0.15955	400000	-0.1008	
17.5	1.171	0.17225	400000	-0.1079	
17.75	1.1453	0.18652	400000	-0.1151	
18	1.1153	0.20408	400000	-0.1225	
18.25	1.0947	0.21937	400000	-0.1279	
18.5	1.0847	0.2306	400000	-0.1316	
18.75	1.0788	0.2402	400000	-0.1346	
19	1.0746	0.24907	400000	-0.1372	
19.25	1.0701	0.25794	400000	-0.1396	
19.75	1.0661	0.27831	400000	-0.1439	
20	1.0663	0.2844	400000	-0.1455	
-10	-0.3369	0.11825	450000	-0.0288	
-9.75	-0.3303	0.11478	450000	-0.0304	
-9.5	-0.3238	0.11133	450000	-0.0321	
-9.25	-0.3175	0.10792	450000	-0.0337	
-9	-0.3111	0.10448	450000	-0.0355	
-8.75	-0.3047	0.10103	450000	-0.0373	
-8.5	-0.299	0.09767	450000	-0.0391	
-8.25	-0.2922	0.09421	450000	-0.0415	
-8	-0.2765	0.08972	450000	-0.0465	
-7.75	-0.2608	0.0852	450000	-0.0516	
-7.5	-0.2497	0.08112	450000	-0.0554	
-7.25	-0.2436	0.07752	450000	-0.0579	
-7	-0.2345	0.07348	450000	-0.0619	
-6.75	-0.2219	0.06893	450000	-0.0674	
-6.5	-0.2068	0.06397	450000	-0.0735	
-6.25	-0.1878	0.05856	450000	-0.08	
-6	-0.1681	0.05323	450000	-0.0855	
-5.75	-0.1479	0.04818	450000	-0.0898	
-5.5	-0.1305	0.03901	450000	-0.0965	
-5.25	-0.1073	0.03335	450000	-0.1	
-5	-0.0806	0.03109	450000	-0.1011	
-4.75	-0.0531	0.03094	450000	-0.101	
-4.5	-0.0272	0.0217	450000	-0.1047	
-4.25	0.0023	0.01852	450000	-0.1054	
-4	0.0325	0.01613	450000	-0.1059	
-3.75	0.0628	0.01427	450000	-0.1062	
-3.5	0.0928	0.01287	450000	-0.1064	
-3.25	0.1224	0.01189	450000	-0.1066	
-3	0.1512	0.01174	450000	-0.1067	
-2.75	0.1817	0.01045	450000	-0.1072	
-2.5	0.2124	0.00973	450000	-0.1076	
-2.25	0.2425	0.00911	450000	-0.1084	
-2	0.2724	0.00848	450000	-0.1094	
-1.75	0.3022	0.00801	450000	-0.1102	
-1.5	0.3316	0.00765	450000	-0.1107	
-1.25	0.3598	0.00736	450000	-0.1108	
-1	0.3868	0.00719	450000	-0.1104	
-0.75	0.4122	0.00705	450000	-0.1096	
-0.5	0.4357	0.00697	450000	-0.1083	
-0.25	0.4557	0.00693	450000	-0.1061	
0	0.4843	0.00684	450000	-0.1061	
0.25	0.5141	0.00684	450000	-0.1066	
0.5	0.5436	0.00685	450000	-0.1069	
0.75	0.573	0.00688	450000	-0.1073	
1	0.6021	0.00693	450000	-0.1075	
1.25	0.631	0.00701	450000	-0.1077	
1.5	0.66	0.0072	450000	-0.108	
1.75	0.6891	0.0072	450000	-0.1083	
2	0.7181	0.00722	450000	-0.1086	
2.25	0.7469	0.00724	450000	-0.1088	
2.5	0.7755	0.0073	450000	-0.1089	
2.75	0.8039	0.0074	450000	-0.109	
3	0.8322	0.00755	450000	-0.1092	
3.25	0.8608	0.00756	450000	-0.1094	
3.5	0.8894	0.00761	450000	-0.1095	
3.75	0.9174	0.0077	450000	-0.1096	
4	0.9446	0.00788	450000	-0.1095	
4.25	0.9729	0.00794	450000	-0.1096	
4.5	1.0002	0.00808	450000	-0.1096	
4.75	1.0268	0.0083	450000	-0.1094	
5	1.0525	0.00859	450000	-0.1091	
5.25	1.0787	0.00887	450000	-0.1089	
5.5	1.1031	0.00931	450000	-0.1084	
5.75	1.1263	0.00986	450000	-0.1079	
6	1.1495	0.01044	450000	-0.1073	
6.25	1.1723	0.01104	450000	-0.1067	
6.5	1.1955	0.0116	450000	-0.1062	
6.75	1.2189	0.01212	450000	-0.1057	
7	1.2404	0.01279	450000	-0.1049	
7.25	1.2624	0.0134	450000	-0.1042	
7.5	1.2843	0.01399	450000	-0.1035	
7.75	1.3049	0.01468	450000	-0.1027	
8	1.3263	0.01527	450000	-0.1019	
8.25	1.3467	0.01593	450000	-0.1009	
8.5	1.3647	0.01676	450000	-0.0997	
8.75	1.3835	0.01748	450000	-0.0985	
9	1.3999	0.01836	450000	-0.097	
9.25	1.4135	0.01943	450000	-0.0951	
9.5	1.4197	0.02099	450000	-0.092	
9.75	1.4335	0.0217	450000	-0.0899	
10	1.438	0.02311	450000	-0.0867	
10.25	1.4308	0.0255	450000	-0.0821	
10.5	1.4528	0.02569	450000	-0.0818	
10.75	1.4679	0.02641	450000	-0.0806	
11	1.4777	0.02757	450000	-0.0788	
11.25	1.4824	0.02925	450000	-0.0766	
11.5	1.4584	0.03359	450000	-0.0719	
11.75	1.469	0.03485	450000	-0.0707	
12	1.4706	0.03695	450000	-0.0688	
12.25	1.4685	0.03956	450000	-0.0668	
12.5	1.4646	0.04247	450000	-0.065	
12.75	1.4601	0.04557	450000	-0.0633	
13	1.4553	0.04876	450000	-0.0619	
13.25	1.4498	0.05209	450000	-0.0607	
13.5	1.4449	0.05538	450000	-0.0597	
13.75	1.437	0.05898	450000	-0.059	
14	1.4308	0.06254	450000	-0.0585	
14.25	1.4227	0.06666	450000	-0.0586	
14.5	1.4159	0.07082	450000	-0.0589	
14.75	1.4073	0.07546	450000	-0.0597	
15	1.3986	0.08029	450000	-0.0608	
15.25	1.3877	0.0857	450000	-0.0625	
15.5	1.377	0.09122	450000	-0.0643	
15.75	1.3633	0.0975	450000	-0.0669	
16	1.3497	0.10386	450000	-0.0696	
16.25	1.3345	0.11079	450000	-0.073	
16.5	1.3177	0.11826	450000	-0.0769	
16.75	1.3003	0.12602	450000	-0.0813	
17	1.2827	0.13361	450000	-0.0858	
17.25	1.2623	0.14239	450000	-0.0913	
17.5	1.2376	0.15307	450000	-0.0977	
17.75	1.2039	0.16745	450000	-0.1059	
18	1.1497	0.19106	450000	-0.1177	
18.25	1.1112	0.21261	450000	-0.1261	
18.5	1.0949	0.22655	450000	-0.1307	
18.75	1.0868	0.2372	450000	-0.1341	
19	1.0819	0.24647	450000	-0.137	
19.25	1.0788	0.25486	450000	-0.1394	
19.5	1.0769	0.26263	450000	-0.1415	
19.75	1.0758	0.26993	450000	-0.1435	
20	1.0751	0.27692	450000	-0.1452	
-10	-0.3373	0.11797	500000	-0.0283	
-9.75	-0.3306	0.11452	500000	-0.0299	
-9.5	-0.324	0.11109	500000	-0.0316	
-9.25	-0.3177	0.1077	500000	-0.0332	
-9	-0.3112	0.10427	500000	-0.035	
-8.75	-0.3046	0.10083	500000	-0.0369	
-8.5	-0.2987	0.09746	500000	-0.0387	
-8.25	-0.2879	0.09357	500000	-0.0422	
-8	-0.273	0.08919	500000	-0.0469	
-7.75	-0.2605	0.08504	500000	-0.0509	
-7.5	-0.253	0.08137	500000	-0.0535	
-7.25	-0.2486	0.07797	500000	-0.0553	
-7	-0.2397	0.07398	500000	-0.0593	
-6.75	-0.2279	0.06958	500000	-0.0644	
-6.5	-0.2112	0.06449	500000	-0.0713	
-6.25	-0.1923	0.0591	500000	-0.0779	
-6	-0.1726	0.05377	500000	-0.0835	
-5.75	-0.1515	0.04861	500000	-0.0883	
-5.5	-0.1289	0.04366	500000	-0.0924	
-5.25	-0.1054	0.03912	500000	-0.0956	
-5	-0.081	0.03494	500000	-0.0981	
-4.75	-0.0557	0.03098	500000	-0.1	
-4.5	-0.0295	0.02145	500000	-0.104	
-4.25	0.001	0.01806	500000	-0.1049	
-4	0.0316	0.01553	500000	-0.1054	
-3.75	0.0618	0.01365	500000	-0.1057	
-3.5	0.0918	0.01228	500000	-0.1059	
-3.25	0.1215	0.01128	500000	-0.1061	
-3	0.1506	0.01083	500000	-0.1063	
-2.75	0.1795	0.01069	500000	-0.1064	
-2.5	0.2121	0.00934	500000	-0.1072	
-2.25	0.242	0.00882	500000	-0.108	
-2	0.2719	0.00821	500000	-0.109	
-1.75	0.3018	0.00777	500000	-0.1097	
-1.5	0.3313	0.00737	500000	-0.1103	
-1.25	0.36	0.00709	500000	-0.1106	
-1	0.3875	0.00691	500000	-0.1103	
-0.75	0.4139	0.00682	500000	-0.1098	
-0.5	0.4397	0.00684	500000	-0.1092	
-0.25	0.4623	0.00667	500000	-0.1077	
0	0.4838	0.00649	500000	-0.1059	
0.25	0.5145	0.00644	500000	-0.1065	
0.5	0.5441	0.00647	500000	-0.1068	
0.75	0.5734	0.00653	500000	-0.1071	
1	0.6024	0.00662	500000	-0.1074	
1.25	0.6316	0.00678	500000	-0.1078	
1.5	0.6609	0.00678	500000	-0.1081	
1.75	0.69	0.0068	500000	-0.1084	
2	0.719	0.00683	500000	-0.1086	
2.25	0.7478	0.00689	500000	-0.1088	
2.5	0.7763	0.00698	500000	-0.109	
2.75	0.8047	0.00715	500000	-0.1091	
3	0.8335	0.00715	500000	-0.1094	
3.25	0.8622	0.0072	500000	-0.1096	
3.5	0.8905	0.00728	500000	-0.1097	
3.75	0.9182	0.00742	500000	-0.1097	
4	0.9463	0.00752	500000	-0.1098	
4.25	0.9742	0.00763	500000	-0.1098	
4.5	1.0006	0.00786	500000	-0.1097	
4.75	1.0279	0.00804	500000	-0.1096	
5	1.0536	0.00835	500000	-0.1094	
5.25	1.0788	0.00874	500000	-0.109	
5.5	1.1033	0.00919	500000	-0.1086	
5.75	1.1271	0.00973	500000	-0.1082	
6	1.1512	0.01022	500000	-0.1077	
6.25	1.1742	0.01082	500000	-0.1072	
6.5	1.1968	0.01144	500000	-0.1066	
6.75	1.2209	0.01189	500000	-0.1062	
7	1.2435	0.01247	500000	-0.1056	
7.25	1.2648	0.01316	500000	-0.1048	
7.5	1.2865	0.01378	500000	-0.1041	
7.75	1.309	0.0143	500000	-0.1035	
8	1.3292	0.01501	500000	-0.1025	
8.25	1.3505	0.01559	500000	-0.1017	
8.5	1.3698	0.01632	500000	-0.1006	
8.75	1.387	0.0172	500000	-0.0993	
9	1.4042	0.01802	500000	-0.0979	
9.25	1.419	0.01901	500000	-0.0961	
9.5	1.4301	0.02022	500000	-0.0937	
9.75	1.4409	0.02121	500000	-0.0913	
10	1.4371	0.02317	500000	-0.0866	
10.25	1.457	0.0235	500000	-0.0859	
10.5	1.4715	0.02425	500000	-0.0844	
10.75	1.4819	0.02532	500000	-0.0824	
11	1.49	0.02658	500000	-0.0803	
11.25	1.4703	0.03029	500000	-0.0754	
11.5	1.4862	0.03105	500000	-0.0746	
11.75	1.4899	0.03294	500000	-0.0726	
12	1.4888	0.03526	500000	-0.0703	
12.25	1.4856	0.03785	500000	-0.0682	
12.5	1.4838	0.04047	500000	-0.0664	
12.75	1.4812	0.04327	500000	-0.0649	
13	1.4798	0.04601	500000	-0.0636	
13.25	1.4769	0.04899	500000	-0.0626	
13.5	1.4744	0.05195	500000	-0.0617	
13.75	1.4694	0.05528	500000	-0.061	
14	1.4626	0.05881	500000	-0.0605	
14.25	1.4543	0.06263	500000	-0.0601	
14.5	1.4441	0.06707	500000	-0.0603	
14.75	1.4341	0.07172	500000	-0.0606	
15	1.422	0.07697	500000	-0.0616	
15.25	1.4099	0.08242	500000	-0.0628	
15.5	1.397	0.08824	500000	-0.0646	
15.75	1.383	0.09446	500000	-0.0669	
16	1.3695	0.10067	500000	-0.0693	
16.25	1.3544	0.10752	500000	-0.0725	
16.5	1.3393	0.11447	500000	-0.0759	
16.75	1.3246	0.12143	500000	-0.0796	
17	1.3087	0.12891	500000	-0.0838	
17.25	1.2929	0.13614	500000	-0.0882	
17.5	1.2779	0.14352	500000	-0.0927	
17.75	1.261	0.15202	500000	-0.0978	
18	1.2427	0.16146	500000	-0.1033	
18.25	1.2221	0.17222	500000	-0.1092	
18.5	1.1958	0.18574	500000	-0.1162	
18.75	1.094	0.2342	500000	-0.1336	
19	1.0875	0.24432	500000	-0.1367	
19.25	1.0838	0.2531	500000	-0.1393	
19.5	1.0816	0.26114	500000	-0.1416	
19.75	1.08	0.26873	500000	-0.1436	
20	1.0787	0.27607	500000	-0.1455	
-10	-0.3396	0.1171	600000	-0.0274	
-9.75	-0.3325	0.11375	600000	-0.0291	
-9.5	-0.3257	0.11041	600000	-0.0307	
-9.25	-0.3191	0.10708	600000	-0.0324	
-9	-0.3124	0.10373	600000	-0.0342	
-8.75	-0.3055	0.10032	600000	-0.0362	
-8.5	-0.2968	0.09672	600000	-0.0388	
-8.25	-0.2828	0.09254	600000	-0.0431	
-8	-0.2716	0.08862	600000	-0.0465	
-7.75	-0.2654	0.08519	600000	-0.0483	
-7.5	-0.261	0.0819	600000	-0.0498	
-7.25	-0.2557	0.07843	600000	-0.052	
-7	-0.2481	0.07467	600000	-0.0554	
-6.75	-0.2346	0.07016	600000	-0.061	
-6.5	-0.2185	0.06521	600000	-0.0677	
-6.25	-0.1996	0.05991	600000	-0.0746	
-6	-0.178	0.05438	600000	-0.0811	
-5.75	-0.1558	0.04903	600000	-0.0865	
-5.5	-0.133	0.04401	600000	-0.0907	
-5.25	-0.1095	0.0394	600000	-0.094	
-5	-0.0846	0.03517	600000	-0.0967	
-4.75	-0.0584	0.03115	600000	-0.099	
-4.5	-0.0316	0.02129	600000	-0.1033	
-4.25	-0.0008	0.0173	600000	-0.1043	
-4	0.0301	0.01452	600000	-0.1047	
-3.75	0.0603	0.01263	600000	-0.1049	
-3.5	0.0901	0.01138	600000	-0.1051	
-3.25	0.1201	0.01055	600000	-0.1054	
-3	0.1505	0.00988	600000	-0.1059	
-2.75	0.18	0.00959	600000	-0.1062	
-2.5	0.2112	0.00888	600000	-0.1067	
-2.25	0.2414	0.00829	600000	-0.1074	
-2	0.271	0.00791	600000	-0.1081	
-1.75	0.3009	0.0074	600000	-0.109	
-1.5	0.3304	0.00709	600000	-0.1096	
-1.25	0.3597	0.00685	600000	-0.1101	
-1	0.3886	0.00664	600000	-0.1103	
-0.75	0.4165	0.00645	600000	-0.1103	
-0.5	0.444	0.00633	600000	-0.11	
-0.25	0.4702	0.00622	600000	-0.1094	
0	0.4934	0.00609	600000	-0.1081	
0.25	0.5148	0.00596	600000	-0.1063	
0.5	0.5447	0.00598	600000	-0.1067	
0.75	0.5742	0.00613	600000	-0.1071	
1	0.6038	0.00614	600000	-0.1075	
1.25	0.6332	0.00615	600000	-0.1079	
1.5	0.6626	0.00618	600000	-0.1082	
1.75	0.6916	0.00623	600000	-0.1085	
2	0.7203	0.00631	600000	-0.1087	
2.25	0.7489	0.00644	600000	-0.1089	
2.5	0.7779	0.00652	600000	-0.1092	
2.75	0.807	0.00654	600000	-0.1095	
3	0.8357	0.00659	600000	-0.1097	
3.25	0.8641	0.00668	600000	-0.1098	
3.5	0.8919	0.00684	600000	-0.1099	
3.75	0.9205	0.00691	600000	-0.1101	
4	0.9484	0.00703	600000	-0.1102	
4.25	0.9753	0.00725	600000	-0.1101	
4.5	1.0029	0.00742	600000	-0.1101	
4.75	1.029	0.00773	600000	-0.1099	
5	1.0547	0.00808	600000	-0.1097	
5.25	1.0803	0.00846	600000	-0.1095	
5.5	1.1045	0.00898	600000	-0.1091	
5.75	1.129	0.00947	600000	-0.1088	
6	1.1527	0.01002	600000	-0.1083	
6.25	1.1761	0.0106	600000	-0.1079	
6.5	1.2011	0.01099	600000	-0.1076	
6.75	1.2242	0.01155	600000	-0.1071	
7	1.2463	0.0122	600000	-0.1064	
7.25	1.2693	0.01272	600000	-0.1059	
7.5	1.2921	0.01326	600000	-0.1053	
7.75	1.3139	0.01386	600000	-0.1046	
8	1.3361	0.01439	600000	-0.1039	
8.25	1.356	0.01512	600000	-0.1029	
8.5	1.3762	0.01578	600000	-0.1019	
8.75	1.3954	0.0165	600000	-0.1008	
9	1.412	0.01741	600000	-0.0993	
9.25	1.4253	0.01855	600000	-0.0973	
9.5	1.4418	0.01933	600000	-0.0958	
9.75	1.4516	0.02057	600000	-0.0932	
10	1.4675	0.02109	600000	-0.0916	
10.25	1.4795	0.02191	600000	-0.0894	
10.5	1.49	0.02289	600000	-0.0871	
10.75	1.4981	0.02411	600000	-0.0847	
11	1.4914	0.02648	600000	-0.0806	
11.25	1.5111	0.02686	600000	-0.08	
11.5	1.516	0.02848	600000	-0.0777	
11.75	1.5195	0.03029	600000	-0.0755	
12	1.522	0.03224	600000	-0.0735	
12.25	1.5223	0.03441	600000	-0.0714	
12.5	1.5187	0.03697	600000	-0.0693	
12.75	1.5133	0.0399	600000	-0.0673	
13	1.5049	0.0433	600000	-0.0655	
13.25	1.4957	0.04691	600000	-0.064	
13.5	1.485	0.05077	600000	-0.0627	
13.75	1.4736	0.05482	600000	-0.0616	
14	1.4609	0.05905	600000	-0.0609	
14.25	1.4473	0.06358	600000	-0.0604	
14.5	1.4337	0.06852	600000	-0.0605	
14.75	1.4194	0.07394	600000	-0.0612	
15	1.4051	0.07959	600000	-0.0623	
15.25	1.3897	0.08579	600000	-0.0641	
15.5	1.3748	0.09202	600000	-0.0661	
15.75	1.3593	0.09873	600000	-0.0689	
16	1.3437	0.10563	600000	-0.0721	
16.25	1.3289	0.11249	600000	-0.0754	
16.5	1.3141	0.11968	600000	-0.0792	
16.75	1.2995	0.127	600000	-0.0834	
17	1.2859	0.13382	600000	-0.0874	
17.25	1.2727	0.14077	600000	-0.0917	
17.5	1.2596	0.14824	600000	-0.0963	
17.75	1.2474	0.15577	600000	-0.1007	
18	1.2351	0.16385	600000	-0.1054	
18.25	1.2228	0.17233	600000	-0.11	
18.5	1.2113	0.18085	600000	-0.1145	
18.75	1.1987	0.19032	600000	-0.1192	
19	1.1857	0.20032	600000	-0.1239	
19.25	1.1715	0.21125	600000	-0.1286	
19.5	1.1016	0.25018	600000	-0.1401	
19.75	1.0916	0.26259	600000	-0.1432	
20	1.0862	0.2725	600000	-0.1456	
-9.75	-0.3422	0.11114	700000	-0.0273	
-9.5	-0.3355	0.10782	700000	-0.0291	
-9.25	-0.3288	0.1046	700000	-0.031	
-9	-0.3215	0.10149	700000	-0.0331	
-8.75	-0.3127	0.09852	700000	-0.0355	
-8.5	-0.2969	0.09502	700000	-0.0395	
-8.25	-0.2847	0.09146	700000	-0.0427	
-8	-0.2783	0.08829	700000	-0.0443	
-7.75	-0.2735	0.08517	700000	-0.0456	
-7.5	-0.268	0.08188	700000	-0.0474	
-7.25	-0.2623	0.0785	700000	-0.0495	
-7	-0.2537	0.07468	700000	-0.0533	
-6.75	-0.2408	0.07038	700000	-0.0586	
-6.5	-0.2241	0.06551	700000	-0.0654	
-6.25	-0.2039	0.06011	700000	-0.0729	
-6	-0.1823	0.05465	700000	-0.0795	
-5.75	-0.1598	0.04933	700000	-0.085	
-5.5	-0.1365	0.04429	700000	-0.0895	
-5.25	-0.1118	0.03952	700000	-0.0932	
-5	-0.0863	0.03517	700000	-0.0961	
-4.75	-0.06	0.0312	700000	-0.0983	
-4.5	-0.0329	0.02751	700000	-0.1001	
-4	0.029	0.01362	700000	-0.1042	
-3.75	0.0596	0.01177	700000	-0.1045	
-3.5	0.0899	0.0106	700000	-0.1048	
-3.25	0.1203	0.00982	700000	-0.1052	
-3	0.1505	0.00925	700000	-0.1056	
-2.75	0.1804	0.0089	700000	-0.106	
-2.5	0.2096	0.00874	700000	-0.1062	
-2.25	0.2406	0.00799	700000	-0.1069	
-2	0.2701	0.00771	700000	-0.1075	
-1.75	0.3002	0.00722	700000	-0.1085	
-1.5	0.33	0.00695	700000	-0.1091	
-1.25	0.3599	0.0066	700000	-0.1098	
-1	0.3893	0.00633	700000	-0.1102	
-0.75	0.418	0.00612	700000	-0.1104	
-0.5	0.446	0.00598	700000	-0.1103	
-0.25	0.4733	0.0059	700000	-0.1101	
0	0.4989	0.00584	700000	-0.1093	
0.25	0.5233	0.00584	700000	-0.1084	
0.5	0.5453	0.00568	700000	-0.1068	
0.75	0.5756	0.00567	700000	-0.1073	
1	0.6052	0.00569	700000	-0.1077	
1.25	0.6346	0.00573	700000	-0.1081	
1.5	0.6638	0.00579	700000	-0.1084	
1.75	0.6925	0.00588	700000	-0.1086	
2	0.7214	0.00602	700000	-0.1089	
2.25	0.7507	0.00605	700000	-0.1092	
2.5	0.7798	0.00607	700000	-0.1095	
2.75	0.8087	0.00613	700000	-0.1098	
3	0.8371	0.00623	700000	-0.1099	
3.25	0.8651	0.00638	700000	-0.11	
3.5	0.894	0.00644	700000	-0.1103	
3.75	0.9221	0.00656	700000	-0.1104	
4	0.9492	0.00678	700000	-0.1104	
4.25	0.9773	0.00691	700000	-0.1105	
4.5	1.0035	0.00723	700000	-0.1104	
4.75	1.0301	0.00752	700000	-0.1103	
5	1.0562	0.00786	700000	-0.1101	
5.25	1.081	0.00834	700000	-0.1098	
5.5	1.1055	0.00885	700000	-0.1095	
5.75	1.13	0.00935	700000	-0.1092	
6	1.1546	0.00982	700000	-0.1089	
6.25	1.1793	0.01026	700000	-0.1086	
6.5	1.203	0.0108	700000	-0.1082	
6.75	1.2271	0.01127	700000	-0.1078	
7	1.2502	0.01182	700000	-0.1073	
7.25	1.2726	0.01243	700000	-0.1067	
7.5	1.2964	0.01286	700000	-0.1062	
7.75	1.3185	0.01344	700000	-0.1055	
8	1.3401	0.01405	700000	-0.1048	
8.25	1.3617	0.01462	700000	-0.104	
8.5	1.3812	0.01537	700000	-0.103	
8.75	1.4002	0.01611	700000	-0.1018	
9	1.4183	0.0169	700000	-0.1005	
9.25	1.4346	0.0178	700000	-0.099	
9.5	1.4468	0.019	700000	-0.0967	
9.75	1.4662	0.01949	700000	-0.0957	
10	1.481	0.02027	700000	-0.0939	
10.25	1.4914	0.02116	700000	-0.0913	
10.5	1.5001	0.02222	700000	-0.0887	
10.75	1.4979	0.02416	700000	-0.0846	
11	1.5216	0.0242	700000	-0.0845	
11.25	1.5321	0.02523	700000	-0.0826	
11.5	1.5348	0.02694	700000	-0.0799	
11.75	1.5334	0.02911	700000	-0.0771	
12	1.5279	0.03175	700000	-0.0741	
12.25	1.5189	0.03473	700000	-0.0712	
12.5	1.5081	0.03801	700000	-0.0686	
12.75	1.4968	0.04163	700000	-0.0664	
13	1.4844	0.04553	700000	-0.0644	
13.25	1.4702	0.04978	700000	-0.0628	
13.5	1.4556	0.05416	700000	-0.0613	
13.75	1.4386	0.05885	700000	-0.0604	
14	1.4218	0.06375	700000	-0.0597	
14.25	1.4042	0.06932	700000	-0.0599	
14.5	1.3958	0.07392	700000	-0.0606	
14.75	1.3848	0.07914	700000	-0.0619	
15	1.3743	0.08454	700000	-0.0635	
15.25	1.3632	0.09024	700000	-0.0655	
15.5	1.3488	0.09675	700000	-0.0682	
15.75	1.3347	0.10334	700000	-0.0712	
16	1.3184	0.11062	700000	-0.0748	
16.25	1.2991	0.11876	700000	-0.0792	
16.5	1.2775	0.12766	700000	-0.0842	
16.75	1.2551	0.1365	700000	-0.0896	
17.25	1.2254	0.15236	700000	-0.0993	
17.5	1.2149	0.16008	700000	-0.1038	
17.75	1.2049	0.16785	700000	-0.1081	
18	1.1953	0.17591	700000	-0.1125	
18.25	1.1859	0.18428	700000	-0.1167	
18.5	1.177	0.1927	700000	-0.1208	
18.75	1.1678	0.20171	700000	-0.1249	
19	1.159	0.21078	700000	-0.1288	
19.25	1.1494	0.22064	700000	-0.1326	
19.5	1.1393	0.23109	700000	-0.1364	
19.75	1.1294	0.24182	700000	-0.1399	
20	1.1183	0.25361	700000	-0.1433	
-9.75	-0.3454	0.11046	800000	-0.0269	
-9.5	-0.3393	0.1071	800000	-0.0286	
-9.25	-0.3334	0.10376	800000	-0.0304	
-9	-0.3273	0.10041	800000	-0.0322	
-8.75	-0.3176	0.09664	800000	-0.0353	
-8.5	-0.3065	0.09272	800000	-0.0388	
-8.25	-0.301	0.08939	800000	-0.0406	
-8	-0.2976	0.08624	800000	-0.0417	
-7.75	-0.2926	0.08288	800000	-0.0436	
-7.5	-0.2879	0.07953	800000	-0.0455	
-7.25	-0.2812	0.07596	800000	-0.0485	
-7	-0.2706	0.07218	800000	-0.0528	
-6.75	-0.2538	0.06808	800000	-0.0587	
-6.5	-0.2312	0.06449	800000	-0.0648	
-6.25	-0.2096	0.05962	800000	-0.0719	
-6	-0.1872	0.05443	800000	-0.0785	
-5.75	-0.1634	0.04922	800000	-0.0843	
-5.5	-0.1387	0.04413	800000	-0.089	
-5.25	-0.1136	0.03941	800000	-0.0927	
-5	-0.0879	0.0351	800000	-0.0956	
-4.75	-0.0616	0.03121	800000	-0.0978	
-4.5	-0.0344	0.02766	800000	-0.0995	
-4.25	-0.0061	0.02421	800000	-0.1011	
-4	0.0292	0.01262	800000	-0.104	
-3.75	0.0598	0.011	800000	-0.1043	
-3.5	0.0901	0.00999	800000	-0.1047	
-3.25	0.1205	0.00926	800000	-0.1051	
-3	0.1506	0.00879	800000	-0.1054	
-2.75	0.1804	0.00847	800000	-0.1057	
-2.5	0.2095	0.00833	800000	-0.106	
-2.25	0.2401	0.00779	800000	-0.1066	
-2	0.2699	0.00754	800000	-0.1073	
-1.75	0.3001	0.00704	800000	-0.1082	
-1.5	0.3301	0.00668	800000	-0.1089	
-1.25	0.3599	0.00639	800000	-0.1095	
-1	0.3896	0.00613	800000	-0.11	
-0.75	0.4187	0.00591	800000	-0.1104	
-0.5	0.4469	0.00576	800000	-0.1104	
-0.25	0.4747	0.00573	800000	-0.1103	
0	0.502	0.00571	800000	-0.1101	
0.25	0.5287	0.00561	800000	-0.1097	
0.5	0.5533	0.0055	800000	-0.1088	
0.75	0.5769	0.00533	800000	-0.1075	
1	0.6064	0.00537	800000	-0.1079	
1.25	0.6356	0.00544	800000	-0.1082	
1.5	0.6645	0.00553	800000	-0.1085	
1.75	0.6935	0.00565	800000	-0.1088	
2	0.723	0.00567	800000	-0.1092	
2.25	0.7523	0.00571	800000	-0.1095	
2.5	0.7813	0.00576	800000	-0.1098	
2.75	0.8098	0.00586	800000	-0.11	
3	0.838	0.006	800000	-0.1101	
3.25	0.867	0.00607	800000	-0.1104	
3.5	0.8955	0.00616	800000	-0.1106	
3.75	0.9227	0.00637	800000	-0.1106	
4	0.9511	0.0065	800000	-0.1108	
4.25	0.9776	0.00679	800000	-0.1107	
4.5	1.0048	0.00703	800000	-0.1107	
4.75	1.031	0.00738	800000	-0.1106	
5	1.0563	0.00782	800000	-0.1104	
5.25	1.0811	0.00833	800000	-0.1101	
5.5	1.1068	0.00871	800000	-0.1099	
5.75	1.132	0.00913	800000	-0.1097	
6	1.1562	0.00966	800000	-0.1094	
6.25	1.1812	0.01007	800000	-0.1091	
6.5	1.2059	0.01051	800000	-0.1088	
6.75	1.229	0.0111	800000	-0.1083	
7	1.2523	0.01163	800000	-0.1078	
7.25	1.2765	0.01205	800000	-0.1075	
7.5	1.299	0.01263	800000	-0.1068	
7.75	1.3225	0.01309	800000	-0.1063	
8	1.3439	0.01372	800000	-0.1056	
8.25	1.3652	0.01433	800000	-0.1048	
8.5	1.3863	0.01494	800000	-0.1039	
8.75	1.405	0.01573	800000	-0.1027	
9	1.422	0.01663	800000	-0.1013	
9.25	1.4391	0.01746	800000	-0.0999	
9.5	1.4568	0.01821	800000	-0.0985	
9.75	1.4743	0.0189	800000	-0.0971	
10	1.4885	0.01979	800000	-0.0952	
10.25	1.4991	0.02071	800000	-0.0926	
10.5	1.5041	0.022	800000	-0.0892	
10.75	1.5214	0.02246	800000	-0.088	
11	1.5405	0.02281	800000	-0.0872	
11.25	1.5399	0.02468	800000	-0.0837	
11.5	1.5321	0.02721	800000	-0.0796	
11.75	1.5219	0.03014	800000	-0.0759	
12	1.5097	0.03342	800000	-0.0725	
12.5	1.4967	0.03917	800000	-0.0678	
12.75	1.4982	0.04149	800000	-0.0664	
13	1.4985	0.04401	800000	-0.0652	
13.25	1.4981	0.04667	800000	-0.0641	
13.5	1.4938	0.04981	800000	-0.0632	
13.75	1.4908	0.05284	800000	-0.0623	
14	1.4838	0.05645	800000	-0.0618	
14.25	1.4773	0.05993	800000	-0.0612	
14.5	1.4677	0.06409	800000	-0.0612	
14.75	1.4597	0.06832	800000	-0.0614	
15	1.449	0.07326	800000	-0.0622	
15.25	1.439	0.07826	800000	-0.0632	
15.5	1.4259	0.08406	800000	-0.0649	
15.75	1.4142	0.0897	800000	-0.0666	
16	1.399	0.09632	800000	-0.0693	
16.25	1.3835	0.10311	800000	-0.0722	
16.5	1.3684	0.10989	800000	-0.0753	
16.75	1.3505	0.11755	800000	-0.0793	
17	1.332	0.12551	800000	-0.0836	
17.25	1.3139	0.1333	800000	-0.088	
17.5	1.2957	0.14098	800000	-0.0927	
17.75	1.2748	0.15002	800000	-0.0982	
18	1.2523	0.16024	800000	-0.1042	
18.25	1.227	0.17211	800000	-0.1108	
19	1.1288	0.22401	800000	-0.1338	
19.25	1.1216	0.23351	800000	-0.1371	
19.5	1.1146	0.24324	800000	-0.1402	
19.75	1.1083	0.25284	800000	-0.143	
20	1.1026	0.26231	800000	-0.1456	
-9.75	-0.3482	0.10947	900000	-0.027	
-9.5	-0.3421	0.10614	900000	-0.0287	
-9.25	-0.3363	0.10285	900000	-0.0304	
-9	-0.3291	0.09941	900000	-0.0326	
-8.75	-0.3172	0.09546	900000	-0.0363	
-8.5	-0.311	0.09207	900000	-0.0381	
-8.25	-0.3079	0.08899	900000	-0.0391	
-8	-0.3033	0.0857	900000	-0.0407	
-7.75	-0.2992	0.08242	900000	-0.0423	
-7.5	-0.2936	0.0789	900000	-0.0448	
-7.25	-0.2886	0.07535	900000	-0.0474	
-7	-0.2787	0.07125	900000	-0.0522	
-6.75	-0.264	0.06642	900000	-0.0591	
-6.5	-0.2457	0.06091	900000	-0.0674	
-6.25	-0.2242	0.05511	900000	-0.0757	
-6	-0.1998	0.04926	900000	-0.083	
-5.75	-0.1733	0.04382	900000	-0.0887	
-5.5	-0.143	0.04233	900000	-0.09	
-5.25	-0.116	0.03882	900000	-0.0927	
-5	-0.0898	0.03484	900000	-0.0953	
-4.75	-0.063	0.03111	900000	-0.0975	
-4.5	-0.0352	0.02762	900000	-0.0993	
-4.25	-0.0065	0.02433	900000	-0.1009	
-3.75	0.0596	0.01074	900000	-0.1041	
-3.5	0.0897	0.00981	900000	-0.1045	
-3.25	0.1202	0.00899	900000	-0.1049	
-3	0.1504	0.00848	900000	-0.1053	
-2.75	0.1802	0.00819	900000	-0.1055	
-2.5	0.2097	0.00807	900000	-0.1059	
-2.25	0.2402	0.00761	900000	-0.1065	
-2	0.2701	0.0073	900000	-0.1071	
-1.75	0.3002	0.00687	900000	-0.108	
-1.5	0.3302	0.0065	900000	-0.1087	
-1.25	0.3599	0.00623	900000	-0.1093	
-1	0.3896	0.00598	900000	-0.1099	
-0.75	0.4188	0.00577	900000	-0.1103	
-0.5	0.4474	0.00567	900000	-0.1104	
-0.25	0.4761	0.00561	900000	-0.1106	
0	0.5044	0.0055	900000	-0.1106	
0.25	0.532	0.0054	900000	-0.1104	
0.5	0.5587	0.00533	900000	-0.11	
0.75	0.58	0.00519	900000	-0.1083	
1	0.6072	0.00515	900000	-0.108	
1.25	0.6363	0.00524	900000	-0.1083	
1.5	0.6654	0.00535	900000	-0.1087	
1.75	0.695	0.00537	900000	-0.1091	
2	0.7244	0.0054	900000	-0.1094	
2.25	0.7535	0.00545	900000	-0.1097	
2.5	0.7822	0.00555	900000	-0.11	
2.75	0.8105	0.00568	900000	-0.1101	
3	0.8395	0.00575	900000	-0.1104	
3.25	0.8684	0.00582	900000	-0.1107	
3.5	0.896	0.00601	900000	-0.1108	
3.75	0.9242	0.00615	900000	-0.1109	
4	0.9518	0.00635	900000	-0.111	
4.25	0.9788	0.00662	900000	-0.111	
4.5	1.005	0.00698	900000	-0.1109	
4.75	1.0316	0.00729	900000	-0.1108	
5	1.0572	0.00772	900000	-0.1107	
5.25	1.0825	0.00817	900000	-0.1105	
5.5	1.1077	0.00862	900000	-0.1103	
5.75	1.1328	0.00907	900000	-0.11	
6	1.1583	0.00945	900000	-0.1099	
6.25	1.1828	0.00994	900000	-0.1096	
6.5	1.2075	0.01036	900000	-0.1093	
6.75	1.2316	0.01085	900000	-0.1089	
7	1.2547	0.01141	900000	-0.1084	
7.25	1.2792	0.01181	900000	-0.108	
7.5	1.3023	0.01234	900000	-0.1075	
7.75	1.3249	0.01288	900000	-0.1069	
8	1.3475	0.0134	900000	-0.1063	
8.25	1.3683	0.01408	900000	-0.1054	
8.5	1.3895	0.01468	900000	-0.1046	
8.75	1.4088	0.01542	900000	-0.1035	
9	1.4268	0.01625	900000	-0.1022	
9.25	1.4431	0.01718	900000	-0.1006	
9.5	1.4633	0.0177	900000	-0.0997	
9.75	1.4794	0.01854	900000	-0.098	
10	1.4941	0.01944	900000	-0.0961	
10.25	1.5036	0.02049	900000	-0.0932	
10.5	1.5194	0.02101	900000	-0.0916	
10.75	1.539	0.02127	900000	-0.0907	
11	1.5498	0.02217	900000	-0.0886	
11.25	1.5292	0.02555	900000	-0.0822	
11.5	1.5215	0.02812	900000	-0.0784	
11.75	1.5289	0.02954	900000	-0.0766	
12	1.5359	0.03107	900000	-0.0749	
12.25	1.5403	0.03284	900000	-0.0731	
12.5	1.5433	0.0347	900000	-0.0713	
12.75	1.5437	0.0369	900000	-0.0696	
13	1.544	0.03925	900000	-0.068	
13.25	1.5418	0.04196	900000	-0.0666	
13.5	1.54	0.0447	900000	-0.0653	
13.75	1.5348	0.04792	900000	-0.0643	
14	1.5301	0.0511	900000	-0.0633	
14.25	1.5221	0.05479	900000	-0.0626	
14.5	1.5146	0.05845	900000	-0.0621	
14.75	1.5039	0.0626	900000	-0.0619	
15	1.4943	0.06694	900000	-0.062	
15.25	1.4827	0.07191	900000	-0.0627	
15.5	1.4718	0.07699	900000	-0.0636	
15.75	1.458	0.08284	900000	-0.0652	
16	1.4457	0.08851	900000	-0.0669	
16.25	1.4299	0.09514	900000	-0.0694	
16.5	1.4142	0.10187	900000	-0.0722	
16.75	1.3987	0.10863	900000	-0.0752	
17	1.3807	0.11619	900000	-0.079	
17.25	1.3625	0.12392	900000	-0.0831	
17.5	1.3457	0.13132	900000	-0.0871	
17.75	1.3266	0.13901	900000	-0.0918	
18	1.3069	0.14735	900000	-0.0969	
18.25	1.2878	0.15615	900000	-0.102	
18.5	1.2687	0.16553	900000	-0.1074	
18.75	1.2461	0.17669	900000	-0.1134	
19	1.2207	0.18959	900000	-0.12	
19.25	1.1886	0.20605	900000	-0.1276	
19.75	1.0893	0.26372	900000	-0.1455	
20	1.0878	0.27113	900000	-0.1475	
-10	-0.3587	0.11119	1000000	-0.026	
-9.75	-0.3524	0.10791	1000000	-0.0276	
-9.5	-0.3463	0.10465	1000000	-0.0292	
-9.25	-0.3404	0.10141	1000000	-0.0309	
-9	-0.3295	0.09765	1000000	-0.0342	
-8.75	-0.3216	0.09416	1000000	-0.0365	
-8.5	-0.3178	0.09107	1000000	-0.0375	
-8.25	-0.3138	0.08792	1000000	-0.0388	
-8	-0.3094	0.08468	1000000	-0.0403	
-7.75	-0.3042	0.08129	1000000	-0.0424	
-7.5	-0.299	0.07781	1000000	-0.0447	
-7.25	-0.2939	0.07428	1000000	-0.0476	
-7	-0.2819	0.06991	1000000	-0.0532	
-6.75	-0.2668	0.065	1000000	-0.0603	
-6.5	-0.248	0.05951	1000000	-0.0686	
-6.25	-0.2257	0.05354	1000000	-0.0771	
-6	-0.2013	0.04748	1000000	-0.0844	
-5.75	-0.1758	0.04188	1000000	-0.0901	
-5.5	-0.1495	0.03682	1000000	-0.0941	
-5.25	-0.1224	0.03253	1000000	-0.0968	
-5	-0.0941	0.02985	1000000	-0.0981	
-4.75	-0.064	0.03049	1000000	-0.0976	
-4.5	-0.0357	0.02731	1000000	-0.0993	
-4.25	-0.0069	0.02424	1000000	-0.1007	
-4	0.0224	0.02123	1000000	-0.102	
-3.75	0.0591	0.01081	1000000	-0.1039	
-3.5	0.089	0.00991	1000000	-0.1043	
-3.25	0.1193	0.009	1000000	-0.1047	
-3	0.15	0.00831	1000000	-0.1051	
-2.75	0.1802	0.008	1000000	-0.1055	
-2.5	0.2102	0.00777	1000000	-0.1059	
-2.25	0.2404	0.0074	1000000	-0.1065	
-2	0.2702	0.00708	1000000	-0.1071	
-1.75	0.3001	0.00676	1000000	-0.1077	
-1.5	0.3302	0.00635	1000000	-0.1086	
-1.25	0.3597	0.00615	1000000	-0.1091	
-1	0.3893	0.00591	1000000	-0.1096	
-0.75	0.4188	0.00573	1000000	-0.1102	
-0.5	0.4481	0.00554	1000000	-0.1105	
-0.25	0.477	0.0054	1000000	-0.1107	
0	0.5057	0.00531	1000000	-0.1109	
0.25	0.5338	0.00522	1000000	-0.1108	
0.5	0.5614	0.00519	1000000	-0.1107	
0.75	0.5864	0.00513	1000000	-0.1099	
1	0.6078	0.00499	1000000	-0.1081	
1.25	0.637	0.0051	1000000	-0.1085	
1.5	0.6667	0.00511	1000000	-0.1089	
1.75	0.6962	0.00514	1000000	-0.1093	
2	0.7255	0.00519	1000000	-0.1097	
2.25	0.7544	0.00527	1000000	-0.1099	
2.5	0.7828	0.0054	1000000	-0.1101	
2.75	0.8118	0.00548	1000000	-0.1104	
3	0.8408	0.00554	1000000	-0.1107	
3.25	0.8692	0.00567	1000000	-0.1109	
3.5	0.8969	0.00586	1000000	-0.111	
3.75	0.9253	0.00599	1000000	-0.1112	
4	0.9522	0.00628	1000000	-0.1112	
4.25	0.9791	0.00657	1000000	-0.1112	
4.5	1.0061	0.00685	1000000	-0.1112	
4.75	1.0321	0.00725	1000000	-0.1111	
5	1.0573	0.00773	1000000	-0.1109	
5.25	1.083	0.00814	1000000	-0.1107	
5.5	1.1093	0.00847	1000000	-0.1107	
5.75	1.1341	0.00895	1000000	-0.1104	
6	1.1594	0.00936	1000000	-0.1102	
6.25	1.1849	0.00973	1000000	-0.11	
6.5	1.2088	0.01026	1000000	-0.1096	
6.75	1.2329	0.01074	1000000	-0.1093	
7	1.2575	0.01115	1000000	-0.1089	
7.25	1.2808	0.01167	1000000	-0.1085	
7.5	1.3051	0.01208	1000000	-0.1081	
7.75	1.3272	0.01269	1000000	-0.1074	
8	1.3501	0.01319	1000000	-0.1068	
8.25	1.3719	0.01377	1000000	-0.1061	
8.5	1.3918	0.01451	1000000	-0.1051	
8.75	1.4108	0.01529	1000000	-0.1039	
9	1.4297	0.01603	1000000	-0.1028	
9.25	1.4488	0.01672	1000000	-0.1016	
9.5	1.4679	0.01737	1000000	-0.1005	
9.75	1.4835	0.01828	1000000	-0.0987	
10	1.4978	0.01923	1000000	-0.0966	
11.25	1.5405	0.02473	1000000	-0.0836	
11.5	1.55	0.02582	1000000	-0.0817	
11.75	1.5585	0.02707	1000000	-0.0798	
12	1.5654	0.02851	1000000	-0.0779	
12.25	1.571	0.03012	1000000	-0.076	
12.5	1.5738	0.032	1000000	-0.074	
12.75	1.5755	0.03397	1000000	-0.0721	
13	1.5745	0.03626	1000000	-0.0702	
13.25	1.5741	0.03865	1000000	-0.0685	
13.5	1.5707	0.04146	1000000	-0.0671	
13.75	1.5679	0.04429	1000000	-0.0657	
14	1.5617	0.0476	1000000	-0.0646	
14.25	1.5563	0.05085	1000000	-0.0636	
14.5	1.5474	0.05465	1000000	-0.063	
14.75	1.5397	0.05835	1000000	-0.0624	
15	1.5279	0.06265	1000000	-0.0623	
15.25	1.5182	0.06698	1000000	-0.0624	
15.5	1.5056	0.07212	1000000	-0.0632	
15.75	1.4947	0.07717	1000000	-0.0641	
16	1.4803	0.08315	1000000	-0.0658	
16.25	1.4677	0.08885	1000000	-0.0675	
16.5	1.4515	0.0955	1000000	-0.07	
16.75	1.4349	0.10241	1000000	-0.0729	
17	1.4197	0.10904	1000000	-0.0758	
17.25	1.4012	0.11661	1000000	-0.0795	
17.5	1.3823	0.12441	1000000	-0.0836	
17.75	1.3651	0.13185	1000000	-0.0876	
18	1.3464	0.13929	1000000	-0.0921	
18.25	1.3264	0.14753	1000000	-0.0971	
18.5	1.3075	0.15608	1000000	-0.1021	
18.75	1.2888	0.16517	1000000	-0.1073	
19	1.2668	0.17588	1000000	-0.1132	
19.25	1.2436	0.18772	1000000	-0.1193	
19.5	1.2194	0.20076	1000000	-0.1256	
19.75	1.1822	0.21998	1000000	-0.1337	
20	1.109	0.25996	1000000	-0.1456	
